Step 6: infer time = 0.2426 seconds
  raw_actions (normalized) range: [-0.3828, 0.7965], shape=(50, 7)
  raw_chunk: joint_dims=6 state_to_first_l2=n/a state_to_first_abs_max=n/a step_delta_l2_mean=0.021399 step_delta_l2_max=0.057969 step_delta_abs_max=0.045523 step_acc_l2_mean=0.020305 step_acc_l2_max=0.039941 step_acc_abs_max=0.029221
  raw_chunk_joint: joint_dims=6 state_to_first=n/a step_delta_abs_max=[0.014524, 0.036248, 0.013574, 0.014033, 0.045523, 0.024059] step_acc_abs_max=[0.023816, 0.021439, 0.019262, 0.017012, 0.027512, 0.029221]
  raw_actions_preview: shape=(50, 7) head=[[0.162, 0.003, -0.054, 0.098, 0.072, -0.171, 0.695], [0.155, -0.002, -0.056, 0.109, 0.058, -0.173, 0.780], [0.158, -0.009, -0.063, 0.108, 0.047, -0.176, 0.783]] tail=[[0.171, 0.192, -0.085, 0.131, 0.255, -0.364, -0.169], [0.161, 0.212, -0.090, 0.118, 0.292, -0.373, -0.180], [0.176, 0.241, -0.090, 0.104, 0.338, -0.383, -0.169]]
  policy_actions (denormalized, pre_postprocess) range: [-87167.2906, 127305.7484], shape=(50, 7)
  policy_chunk: joint_dims=6 state_to_first_l2=718.084717 state_to_first_abs_max=627.589844 step_delta_l2_mean=958.271912 step_delta_l2_max=2462.859375 step_delta_abs_max=1976.343750 step_acc_l2_mean=873.421875 step_acc_l2_max=2182.419678 step_acc_abs_max=1898.101562
  policy_chunk_joint: joint_dims=6 state_to_first=[98.031250, 218.937500, 166.710938, -126.355469, -627.589844, 143.089844] step_delta_abs_max=[498.761719, 1976.343750, 623.156250, 316.576172, 1564.593750, 1562.828125] step_acc_abs_max=[817.859375, 1168.953125, 884.296875, 383.773438, 945.558594, 1898.101562]
  policy_actions_preview: shape=(50, 7) head=[[-55668.969, 120033.938, -87167.289, -3979.355, 53875.410, -57628.910, 58678.098], [-55905.527, 120300.430, -87061.688, -3730.114, 53386.055, -57744.547, 61626.324], [-55800.836, 120704.383, -86731.789, -3750.519, 53023.656, -57956.906, 61747.367]] tail=[[-55380.316, 109713.977, -85749.180, -3247.647, 60157.098, -70145.469, 28711.338], [-55699.414, 108615.617, -85512.039, -3538.434, 61436.531, -70742.453, 28312.148], [-55200.652, 107086.875, -85489.664, -3855.010, 63001.125, -71371.422, 28689.547]]
  worker_actions (postprocess) range: [-87167.2906, 127115.7565], shape=(50, 7)
  worker_chunk: joint_dims=6 state_to_first_l2=718.084717 state_to_first_abs_max=627.589844 step_delta_l2_mean=764.874207 step_delta_l2_max=2226.333984 step_delta_abs_max=1607.562500 step_acc_l2_mean=340.794464 step_acc_l2_max=809.145935 step_acc_abs_max=681.761719
  worker_chunk_joint: joint_dims=6 state_to_first=[98.031250, 218.937500, 166.710938, -126.355469, -627.589844, 143.089844] step_delta_abs_max=[198.949219, 1607.562500, 322.789062, 234.129150, 1398.378906, 1299.140625] step_acc_abs_max=[299.816406, 579.726562, 380.687500, 145.547607, 344.917969, 681.761719]
  worker_actions_preview: shape=(50, 7) head=[[-55668.969, 120033.938, -87167.289, -3979.355, 53875.410, -57628.910, 58678.098], [-55787.250, 120167.180, -87114.492, -3854.735, 53630.730, -57686.730, 61626.324], [-55794.043, 120435.781, -86923.141, -3802.627, 53327.195, -57821.816, 61747.367]] tail=[[-55497.680, 111010.211, -85885.156, -3235.069, 58972.203, -68846.336, 28711.338], [-55598.547, 109812.914, -85698.602, -3386.752, 60204.367, -69794.398, 28312.148], [-55399.598, 108449.891, -85594.133, -3620.881, 61602.746, -70582.906, 28689.547]]
  main_actions (aligned_from_worker) range: [-86366.7033, 127115.7565], shape=(44, 7)
  main_aligned_chunk: joint_dims=6 state_to_first_l2=3084.559082 state_to_first_abs_max=2263.164062 step_delta_l2_mean=808.177673 step_delta_l2_max=2226.333984 step_delta_abs_max=1607.562500 step_acc_l2_mean=346.333435 step_acc_l2_max=809.145935 step_acc_abs_max=681.761719
  main_aligned_chunk_joint: joint_dims=6 state_to_first=[109.312500, 1573.539062, 1194.679688, 171.117432, -2263.164062, -669.386719] step_delta_abs_max=[198.949219, 1607.562500, 257.906250, 234.129150, 1398.378906, 1299.140625] step_acc_abs_max=[299.816406, 579.726562, 380.687500, 145.547607, 344.917969, 681.761719]
  main_aligned_actions_preview: shape=(44, 7) head=[[-55657.688, 121388.539, -86139.320, -3681.883, 52239.836, -58441.387, 62059.020], [-55605.965, 121830.625, -86063.883, -3698.922, 52031.352, -58665.293, 61931.297], [-55639.914, 122144.891, -86072.344, -3628.160, 51753.770, -58651.691, 62210.242]] tail=[[-55497.680, 111010.211, -85885.156, -3235.069, 58972.203, -68846.336, 28711.338], [-55598.547, 109812.914, -85698.602, -3386.752, 60204.367, -69794.398, 28312.148], [-55399.598, 108449.891, -85594.133, -3620.881, 61602.746, -70582.906, 28689.547]]
  main_actions (post_main_postprocess) range: [-86264.9368, 126989.0538], shape=(44, 7)
  main_postprocess_chunk: joint_dims=6 state_to_first_l2=3084.559082 state_to_first_abs_max=2263.164062 step_delta_l2_mean=722.867249 step_delta_l2_max=2117.351318 step_delta_abs_max=1503.531250 step_acc_l2_mean=162.951569 step_acc_l2_max=435.480743 step_acc_abs_max=339.507812
  main_postprocess_chunk_joint: joint_dims=6 state_to_first=[109.312500, 1573.539062, 1194.679688, 171.117432, -2263.164062, -669.386719] step_delta_abs_max=[90.933594, 1503.531250, 157.750000, 160.207520, 1282.453125, 1176.156250] step_acc_abs_max=[118.000000, 339.507812, 159.078125, 88.942627, 139.160156, 244.207031]
  main_postprocess_actions_preview: shape=(44, 7) head=[[-55657.688, 121388.539, -86139.320, -3681.883, 52239.836, -58441.387, 62059.020], [-55631.824, 121609.586, -86101.602, -3690.402, 52135.594, -58553.340, 61931.297], [-55635.871, 121877.234, -86086.977, -3659.281, 51944.680, -58602.516, 62210.242]] tail=[[-55524.457, 112377.711, -86014.102, -3214.180, 57871.301, -67670.180, 28711.338], [-55561.504, 111095.312, -85856.352, -3300.466, 59037.836, -68732.289, 28312.148], [-55480.551, 109772.602, -85725.242, -3460.673, 60320.289, -69657.594, 28689.547]]
  queue_boundary: joint_dims=6 delta=[14.898438, -1511.812500, 1101.531250, 311.370605, -481.976562, -174.074219] l2=1964.363770 abs_max=1511.812500
  queue_actions (post_transition) range: [-86264.9368, 126989.0538], shape=(44, 7)
  queue_chunk: joint_dims=6 state_to_first_l2=3084.559082 state_to_first_abs_max=2263.164062 step_delta_l2_mean=722.867249 step_delta_l2_max=2117.351318 step_delta_abs_max=1503.531250 step_acc_l2_mean=162.951569 step_acc_l2_max=435.480743 step_acc_abs_max=339.507812
  queue_chunk_joint: joint_dims=6 state_to_first=[109.312500, 1573.539062, 1194.679688, 171.117432, -2263.164062, -669.386719] step_delta_abs_max=[90.933594, 1503.531250, 157.750000, 160.207520, 1282.453125, 1176.156250] step_acc_abs_max=[118.000000, 339.507812, 159.078125, 88.942627, 139.160156, 244.207031]
  queue_actions_preview: shape=(44, 7) head=[[-55657.688, 121388.539, -86139.320, -3681.883, 52239.836, -58441.387, 62059.020], [-55631.824, 121609.586, -86101.602, -3690.402, 52135.594, -58553.340, 61931.297], [-55635.871, 121877.234, -86086.977, -3659.281, 51944.680, -58602.516, 62210.242]] tail=[[-55524.457, 112377.711, -86014.102, -3214.180, 57871.301, -67670.180, 28711.338], [-55561.504, 111095.312, -85856.352, -3300.466, 59037.836, -68732.289, 28312.148], [-55480.551, 109772.602, -85725.242, -3460.673, 60320.289, -69657.594, 28689.547]]
Step 7: infer time = 0.2454 seconds
  raw_actions (normalized) range: [-0.7944, 0.7976], shape=(50, 7)
  raw_chunk: joint_dims=6 state_to_first_l2=n/a state_to_first_abs_max=n/a step_delta_l2_mean=0.031997 step_delta_l2_max=0.058648 step_delta_abs_max=0.043881 step_acc_l2_mean=0.016235 step_acc_l2_max=0.029001 step_acc_abs_max=0.021887
  raw_chunk_joint: joint_dims=6 state_to_first=n/a step_delta_abs_max=[0.040876, 0.035062, 0.010503, 0.013977, 0.043881, 0.032485] step_acc_abs_max=[0.017867, 0.021887, 0.016255, 0.016919, 0.015875, 0.015853]
  raw_actions_preview: shape=(50, 7) head=[[0.162, -0.007, -0.047, 0.102, 0.085, -0.182, 0.798], [0.164, -0.008, -0.055, 0.100, 0.071, -0.184, 0.783], [0.162, -0.009, -0.053, 0.101, 0.073, -0.183, 0.765]] tail=[[0.601, 0.580, -0.109, 0.070, 0.618, -0.755, -0.168], [0.639, 0.592, -0.116, 0.079, 0.621, -0.780, -0.177], [0.674, 0.588, -0.119, 0.086, 0.626, -0.794, -0.167]]
  policy_actions (denormalized, pre_postprocess) range: [-101298.4451, 127009.4147], shape=(50, 7)
  policy_chunk: joint_dims=6 state_to_first_l2=975.533081 state_to_first_abs_max=742.726562 step_delta_l2_mean=1507.741333 step_delta_l2_max=2875.146484 step_delta_abs_max=2110.156250 step_acc_l2_mean=740.956238 step_acc_l2_max=1359.870361 step_acc_abs_max=1193.351562
  policy_chunk_joint: joint_dims=6 state_to_first=[78.753906, 742.726562, -125.859375, -40.011230, -194.433594, -581.871094] step_delta_abs_max=[1403.679688, 1911.718750, 482.171875, 315.301514, 1508.164062, 2110.156250] step_acc_abs_max=[613.554688, 1193.351562, 746.257812, 381.662109, 545.601562, 1029.792969]
  policy_actions_preview: shape=(50, 7) head=[[-55487.246, 126193.727, -86060.859, -3430.011, 49693.566, -61540.871, 62247.277], [-55415.523, 126285.812, -85702.508, -3463.906, 49223.410, -61616.293, 61739.402], [-55463.000, 126315.180, -85820.109, -3444.406, 49298.855, -61561.730, 61131.738]] tail=[[-40388.500, 94187.227, -83213.039, -4161.789, 68015.164, -98741.453, 28723.746], [-39104.227, 93564.000, -82902.758, -3959.234, 68137.016, -100333.766, 28424.100], [-37883.125, 93768.352, -82750.758, -3793.393, 68308.078, -101298.445, 28779.580]]
  worker_actions (postprocess) range: [-100164.3682, 126845.3901], shape=(50, 7)
  worker_chunk: joint_dims=6 state_to_first_l2=975.533081 state_to_first_abs_max=742.726562 step_delta_l2_mean=1384.672852 step_delta_l2_max=2597.212158 step_delta_abs_max=1941.992188 step_acc_l2_mean=312.958984 step_acc_l2_max=609.941162 step_acc_abs_max=484.500000
  worker_chunk_joint: joint_dims=6 state_to_first=[78.753906, 742.726562, -125.859375, -40.011230, -194.433594, -581.871094] step_delta_abs_max=[1329.738281, 1596.382812, 275.054688, 243.762939, 1405.164062, 1941.992188] step_acc_abs_max=[284.558594, 465.632812, 283.390625, 142.890869, 287.128906, 484.500000]
  worker_actions_preview: shape=(50, 7) head=[[-55487.246, 126193.727, -86060.859, -3430.011, 49693.566, -61540.871, 62247.277], [-55451.387, 126239.773, -85881.688, -3446.958, 49458.488, -61578.582, 61739.402], [-55457.191, 126277.477, -85850.898, -3445.682, 49378.672, -61570.156, 61131.738]] tail=[[-41653.766, 94402.648, -83452.867, -4267.039, 68137.727, -97726.820, 28723.746], [-40378.996, 93983.328, -83177.812, -4113.137, 68137.367, -99030.289, 28424.100], [-39131.062, 93875.836, -82964.281, -3953.264, 68222.727, -100164.367, 28779.580]]
  main_actions (aligned_from_worker) range: [-100164.3682, 126845.3901], shape=(44, 7)
  main_aligned_chunk: joint_dims=6 state_to_first_l2=1888.712891 state_to_first_abs_max=1394.390625 step_delta_l2_mean=1547.643188 step_delta_l2_max=2597.212158 step_delta_abs_max=1941.992188 step_acc_l2_mean=328.344666 step_acc_l2_max=609.941162 step_acc_abs_max=484.500000
  main_aligned_chunk_joint: joint_dims=6 state_to_first=[144.105469, 1394.390625, 54.882812, 20.503906, -986.792969, -790.539062] step_delta_abs_max=[1329.738281, 1596.382812, 275.054688, 243.762939, 1405.164062, 1941.992188] step_acc_abs_max=[284.558594, 465.632812, 283.390625, 142.890869, 287.128906, 484.500000]
  main_aligned_actions_preview: shape=(44, 7) head=[[-55421.895, 126845.391, -85880.117, -3369.496, 48901.207, -61749.539, 50378.391], [-55471.477, 126674.031, -85784.953, -3360.323, 48696.203, -61685.203, 45229.074], [-55479.547, 126576.859, -85692.945, -3403.593, 48556.051, -61455.270, 40024.871]] tail=[[-41653.766, 94402.648, -83452.867, -4267.039, 68137.727, -97726.820, 28723.746], [-40378.996, 93983.328, -83177.812, -4113.137, 68137.367, -99030.289, 28424.100], [-39131.062, 93875.836, -82964.281, -3953.264, 68222.727, -100164.367, 28779.580]]
  main_actions (post_main_postprocess) range: [-98994.0403, 126845.3901], shape=(44, 7)
  main_postprocess_chunk: joint_dims=6 state_to_first_l2=1888.712891 state_to_first_abs_max=1394.390625 step_delta_l2_mean=1480.526123 step_delta_l2_max=2468.872070 step_delta_abs_max=1877.632812 step_acc_l2_mean=188.282883 step_acc_l2_max=321.325409 step_acc_abs_max=246.531250
  main_postprocess_chunk_joint: joint_dims=6 state_to_first=[144.105469, 1394.390625, 54.882812, 20.503906, -986.792969, -790.539062] step_delta_abs_max=[1259.414062, 1499.445312, 236.453125, 181.674805, 1350.917969, 1877.632812] step_acc_abs_max=[175.609375, 246.531250, 142.945312, 70.571533, 187.066406, 243.253906]
  main_postprocess_actions_preview: shape=(44, 7) head=[[-55421.895, 126845.391, -85880.117, -3369.496, 48901.207, -61749.539, 50378.391], [-55446.684, 126759.711, -85832.539, -3364.910, 48798.707, -61717.371, 45229.074], [-55463.113, 126668.289, -85762.742, -3384.251, 48677.379, -61586.320, 40024.871]] tail=[[-42897.824, 94690.586, -83650.719, -4334.632, 68234.406, -96617.133, 28723.746], [-41638.410, 94336.953, -83414.266, -4223.884, 68185.891, -97823.711, 28424.100], [-40384.734, 94106.398, -83189.273, -4088.574, 68204.305, -98994.039, 28779.580]]
  queue_boundary: joint_dims=6 delta=[15.144531, -143.664062, 55.164062, 169.199951, -152.128906, -341.476562] l2=438.508698 abs_max=341.476562
  queue_actions (post_transition) range: [-98994.0403, 126845.3901], shape=(44, 7)
  queue_chunk: joint_dims=6 state_to_first_l2=1888.712891 state_to_first_abs_max=1394.390625 step_delta_l2_mean=1480.526123 step_delta_l2_max=2468.872070 step_delta_abs_max=1877.632812 step_acc_l2_mean=188.282883 step_acc_l2_max=321.325409 step_acc_abs_max=246.531250
  queue_chunk_joint: joint_dims=6 state_to_first=[144.105469, 1394.390625, 54.882812, 20.503906, -986.792969, -790.539062] step_delta_abs_max=[1259.414062, 1499.445312, 236.453125, 181.674805, 1350.917969, 1877.632812] step_acc_abs_max=[175.609375, 246.531250, 142.945312, 70.571533, 187.066406, 243.253906]
  queue_actions_preview: shape=(44, 7) head=[[-55421.895, 126845.391, -85880.117, -3369.496, 48901.207, -61749.539, 50378.391], [-55446.684, 126759.711, -85832.539, -3364.910, 48798.707, -61717.371, 45229.074], [-55463.113, 126668.289, -85762.742, -3384.251, 48677.379, -61586.320, 40024.871]] tail=[[-42897.824, 94690.586, -83650.719, -4334.632, 68234.406, -96617.133, 28723.746], [-41638.410, 94336.953, -83414.266, -4223.884, 68185.891, -97823.711, 28424.100], [-40384.734, 94106.398, -83189.273, -4088.574, 68204.305, -98994.039, 28779.580]]
Step 8: infer time = 0.2388 seconds
  raw_actions (normalized) range: [-0.9802, 0.9001], shape=(50, 7)
  raw_chunk: joint_dims=6 state_to_first_l2=n/a state_to_first_abs_max=n/a step_delta_l2_mean=0.038873 step_delta_l2_max=0.055419 step_delta_abs_max=0.042836 step_acc_l2_mean=0.015312 step_acc_l2_max=0.029851 step_acc_abs_max=0.024237
  raw_chunk_joint: joint_dims=6 state_to_first=n/a step_delta_abs_max=[0.038718, 0.031283, 0.026288, 0.016677, 0.042836, 0.035527] step_acc_abs_max=[0.016010, 0.015599, 0.010270, 0.024237, 0.016598, 0.015833]
  raw_actions_preview: shape=(50, 7) head=[[0.159, 0.004, -0.051, 0.100, 0.093, -0.164, -0.148], [0.160, 0.016, -0.047, 0.104, 0.110, -0.169, -0.153], [0.160, 0.032, -0.050, 0.110, 0.122, -0.174, -0.159]] tail=[[0.880, 0.650, -0.339, 0.157, 0.642, -0.965, -0.172], [0.898, 0.657, -0.359, 0.164, 0.637, -0.974, -0.167], [0.900, 0.656, -0.382, 0.157, 0.615, -0.980, -0.180]]
  policy_actions (denormalized, pre_postprocess) range: [-114248.3514, 125231.5801], shape=(50, 7)
  policy_chunk: joint_dims=6 state_to_first_l2=631.144226 state_to_first_abs_max=586.093750 step_delta_l2_mean=1822.850708 step_delta_l2_max=2693.771484 step_delta_abs_max=2307.750000 step_acc_l2_mean=636.375000 step_acc_l2_max=1106.050537 step_acc_abs_max=1028.484375
  policy_chunk_joint: joint_dims=6 state_to_first=[-21.953125, 188.578125, 60.359375, -80.327393, 93.261719, 586.093750] step_delta_abs_max=[1329.574219, 1705.640625, 1206.851562, 376.206055, 1472.234375, 2307.750000] step_acc_abs_max=[549.791016, 850.492188, 471.500000, 546.751953, 570.468750, 1028.484375]
  policy_actions_preview: shape=(50, 7) head=[[-55481.953, 125231.578, -85998.641, -3464.327, 50204.262, -61252.906, 29439.986], [-55422.730, 124549.234, -86191.461, -3382.028, 50800.648, -61542.973, 29257.432], [-55425.715, 123679.258, -86056.680, -3252.788, 51210.887, -61881.746, 29049.518]] tail=[[-30703.686, 89966.945, -72797.766, -2191.243, 69085.594, -113267.234, 28586.338], [-30089.664, 89601.570, -71889.430, -2033.563, 68897.492, -113848.508, 28780.664], [-30025.434, 89659.328, -70798.281, -2192.677, 68160.000, -114248.352, 28321.822]]
  worker_actions (postprocess) range: [-113797.7027, 125231.5801], shape=(50, 7)
  worker_chunk: joint_dims=6 state_to_first_l2=631.144226 state_to_first_abs_max=586.093750 step_delta_l2_mean=1759.083496 step_delta_l2_max=2564.736572 step_delta_abs_max=2041.953125 step_acc_l2_mean=286.185181 step_acc_l2_max=471.991119 step_acc_abs_max=430.289062
  worker_chunk_joint: joint_dims=6 state_to_first=[-21.953125, 188.578125, 60.359375, -80.327393, 93.261719, 586.093750] step_delta_abs_max=[1238.285156, 1570.468750, 1061.125000, 248.310059, 1395.867188, 2041.953125] step_acc_abs_max=[270.824219, 347.070312, 264.640625, 251.074707, 265.875000, 430.289062]
  worker_actions_preview: shape=(50, 7) head=[[-55481.953, 125231.578, -85998.641, -3464.327, 50204.262, -61252.906, 29439.986], [-55452.340, 124890.406, -86095.047, -3423.177, 50502.453, -61397.938, 29257.432], [-55439.027, 124284.836, -86075.859, -3337.983, 50856.672, -61639.844, 29049.518]] tail=[[-31281.982, 90077.711, -73706.320, -2271.982, 69450.930, -112845.602, 28586.338], [-30685.822, 89839.641, -72797.875, -2152.773, 69174.211, -113347.055, 28780.664], [-30355.629, 89749.484, -71798.078, -2172.725, 68667.109, -113797.703, 28321.822]]
  main_actions (aligned_from_worker) range: [-113797.7027, 119805.0326], shape=(44, 7)
  main_aligned_chunk: joint_dims=6 state_to_first_l2=5986.431641 state_to_first_abs_max=5237.968750 step_delta_l2_mean=1859.316528 step_delta_l2_max=2564.736572 step_delta_abs_max=2041.953125 step_acc_l2_mean=290.437103 step_acc_l2_max=471.991119 step_acc_abs_max=430.289062
  main_aligned_chunk_joint: joint_dims=6 state_to_first=[133.382812, -5237.968750, -3.164062, 124.569824, 2841.734375, -540.625000] step_delta_abs_max=[1238.285156, 1570.468750, 1061.125000, 248.310059, 1395.867188, 2041.953125] step_acc_abs_max=[270.824219, 347.070312, 264.640625, 251.074707, 265.875000, 430.289062]
  main_aligned_actions_preview: shape=(44, 7) head=[[-55326.617, 119805.031, -86062.164, -3259.430, 52952.734, -62379.625, 28919.527], [-55291.762, 118439.719, -85987.836, -3284.886, 53755.703, -62869.625, 28859.285], [-55381.941, 117023.242, -86027.852, -3231.490, 54639.035, -63326.742, 28894.992]] tail=[[-31281.982, 90077.711, -73706.320, -2271.982, 69450.930, -112845.602, 28586.338], [-30685.822, 89839.641, -72797.875, -2152.773, 69174.211, -113347.055, 28780.664], [-30355.629, 89749.484, -71798.078, -2172.725, 68667.109, -113797.703, 28321.822]]
  main_actions (post_main_postprocess) range: [-113302.7473, 119805.0326], shape=(44, 7)
  main_postprocess_chunk: joint_dims=6 state_to_first_l2=5986.431641 state_to_first_abs_max=5237.968750 step_delta_l2_mean=1815.803955 step_delta_l2_max=2474.855957 step_delta_abs_max=1943.539062 step_acc_l2_mean=193.065506 step_acc_l2_max=457.591003 step_acc_abs_max=366.906250
  main_postprocess_chunk_joint: joint_dims=6 state_to_first=[133.382812, -5237.968750, -3.164062, 124.569824, 2841.734375, -540.625000] step_delta_abs_max=[1196.324219, 1489.671875, 1004.421875, 212.730957, 1350.746094, 1943.539062] step_acc_abs_max=[198.902344, 366.906250, 163.843750, 115.157715, 240.921875, 223.500000]
  main_postprocess_actions_preview: shape=(44, 7) head=[[-55326.617, 119805.031, -86062.164, -3259.430, 52952.734, -62379.625, 28919.527], [-55309.188, 119122.375, -86025.000, -3272.158, 53354.219, -62624.625, 28859.285], [-55345.562, 118072.812, -86026.430, -3251.824, 53996.625, -62975.684, 28894.992]] tail=[[-31891.836, 90276.211, -74618.594, -2385.461, 69640.516, -112268.531, 28586.338], [-31288.830, 90057.930, -73708.234, -2269.117, 69407.359, -112807.789, 28780.664], [-30822.229, 89903.703, -72753.156, -2220.921, 69037.234, -113302.750, 28321.822]]
  queue_boundary: joint_dims=6 delta=[-8.066406, 4281.453125, -148.187500, -181.464600, -1971.886719, 2457.593750] l2=5321.080566 abs_max=4281.453125
  queue_actions (post_transition) range: [-113302.7473, 119805.0326], shape=(44, 7)
  queue_chunk: joint_dims=6 state_to_first_l2=5986.431641 state_to_first_abs_max=5237.968750 step_delta_l2_mean=1815.803955 step_delta_l2_max=2474.855957 step_delta_abs_max=1943.539062 step_acc_l2_mean=193.065506 step_acc_l2_max=457.591003 step_acc_abs_max=366.906250
  queue_chunk_joint: joint_dims=6 state_to_first=[133.382812, -5237.968750, -3.164062, 124.569824, 2841.734375, -540.625000] step_delta_abs_max=[1196.324219, 1489.671875, 1004.421875, 212.730957, 1350.746094, 1943.539062] step_acc_abs_max=[198.902344, 366.906250, 163.843750, 115.157715, 240.921875, 223.500000]
  queue_actions_preview: shape=(44, 7) head=[[-55326.617, 119805.031, -86062.164, -3259.430, 52952.734, -62379.625, 28919.527], [-55309.188, 119122.375, -86025.000, -3272.158, 53354.219, -62624.625, 28859.285], [-55345.562, 118072.812, -86026.430, -3251.824, 53996.625, -62975.684, 28894.992]] tail=[[-31891.836, 90276.211, -74618.594, -2385.461, 69640.516, -112268.531, 28586.338], [-31288.830, 90057.930, -73708.234, -2269.117, 69407.359, -112807.789, 28780.664], [-30822.229, 89903.703, -72753.156, -2220.921, 69037.234, -113302.750, 28321.822]]