Step 18: infer time = 0.2436 seconds
  raw_actions (normalized) range: [-0.9734, 1.4644], shape=(50, 7)
  raw_chunk: joint_dims=6 state_to_first_l2=n/a state_to_first_abs_max=n/a step_delta_l2_mean=0.061293 step_delta_l2_max=0.106773 step_delta_abs_max=0.092965 step_acc_l2_mean=0.017342 step_acc_l2_max=0.036512 step_acc_abs_max=0.024643
  raw_chunk_joint: joint_dims=6 state_to_first=n/a step_delta_abs_max=[0.050993, 0.034982, 0.036604, 0.029760, 0.057429, 0.092965] step_acc_abs_max=[0.010828, 0.017568, 0.015602, 0.024643, 0.019248, 0.020084]
  raw_actions_preview: shape=(50, 7) head=[[0.154, 0.002, -0.044, 0.099, 0.099, -0.162, 0.456], [0.158, 0.020, -0.026, 0.108, 0.147, -0.149, 0.425], [0.159, 0.033, -0.011, 0.114, 0.188, -0.134, 0.351]] tail=[[0.922, 0.835, -0.571, 0.415, -0.356, 1.458, -0.973], [0.924, 0.843, -0.576, 0.415, -0.376, 1.459, -0.971], [0.935, 0.865, -0.594, 0.413, -0.415, 1.461, -0.972]]
  policy_actions (denormalized, pre_postprocess) range: [-106466.6371, 88006.6689], shape=(50, 7)
  policy_chunk: joint_dims=6 state_to_first_l2=940.484497 state_to_first_abs_max=755.359375 step_delta_l2_mean=3095.332275 step_delta_l2_max=6378.607422 step_delta_abs_max=6038.734375 step_acc_l2_mean=807.662109 step_acc_l2_max=1654.745483 step_acc_abs_max=1304.604492
  policy_chunk_joint: joint_dims=6 state_to_first=[-171.710938, 295.671875, -293.472656, -107.092773, 315.343750, 755.359375] step_delta_abs_max=[1751.114258, 1907.359375, 1680.414062, 671.341309, 1973.777344, 6038.734375] step_acc_abs_max=[371.819214, 957.871094, 716.279297, 555.908203, 661.542969, 1304.604492]
  policy_actions_preview: shape=(50, 7) head=[[-25623.711, 88006.672, -54951.473, 1297.907, 51160.344, -106466.641, 50399.141], [-25496.348, 87004.820, -55771.164, 1497.294, 52801.539, -105655.914, 49330.191], [-25482.033, 86291.711, -56470.715, 1632.442, 54215.246, -104670.133, 46742.875]] tail=[[736.148, 42544.340, -30750.432, 8427.151, 35518.359, -1220.753, 781.781], [794.450, 42139.980, -30512.295, 8416.971, 34828.289, -1213.877, 879.518], [1172.721, 40907.789, -29662.078, 8385.222, 33476.676, -1038.178, 815.561]]
  worker_actions (postprocess) range: [-106466.6371, 88006.6689], shape=(50, 7)
  worker_chunk: joint_dims=6 state_to_first_l2=940.484497 state_to_first_abs_max=755.359375 step_delta_l2_mean=3023.300049 step_delta_l2_max=6026.244629 step_delta_abs_max=5757.953125 step_acc_l2_mean=421.789154 step_acc_l2_max=898.166260 step_acc_abs_max=797.499023
  worker_chunk_joint: joint_dims=6 state_to_first=[-171.710938, 295.671875, -293.472656, -107.092773, 315.343750, 755.359375] step_delta_abs_max=[1695.271484, 1620.394531, 1510.312500, 598.000977, 1851.792969, 5757.953125] step_acc_abs_max=[259.908203, 400.886719, 365.789062, 259.513672, 356.550781, 797.499023]
  worker_actions_preview: shape=(50, 7) head=[[-25623.711, 88006.672, -54951.473, 1297.907, 51160.344, -106466.641, 50399.141], [-25560.029, 87505.742, -55361.316, 1397.601, 51980.941, -106061.273, 49330.191], [-25521.031, 86898.727, -55916.016, 1515.021, 53098.094, -105365.703, 46742.875]] tail=[[508.099, 43417.387, -31225.617, 8327.875, 36268.281, -1226.346, 781.781], [651.274, 42778.684, -30868.955, 8372.423, 35548.285, -1220.111, 879.518], [911.998, 41843.234, -30265.518, 8378.822, 34512.480, -1129.145, 815.561]]
  main_actions (aligned_from_worker) range: [-100644.4879, 83992.4366], shape=(44, 7)
  main_aligned_chunk: joint_dims=6 state_to_first_l2=10999.593750 state_to_first_abs_max=7060.796875 step_delta_l2_mean=3200.681396 step_delta_l2_max=6026.244629 step_delta_abs_max=5757.953125 step_acc_l2_mean=439.522552 step_acc_l2_max=898.166260 step_acc_abs_max=797.499023
  main_aligned_chunk_joint: joint_dims=6 state_to_first=[-81.691406, -3718.562500, -3596.496094, 1050.400635, 7060.796875, 6577.515625] step_delta_abs_max=[1695.271484, 1620.394531, 1510.312500, 598.000977, 1851.792969, 5757.953125] step_acc_abs_max=[259.908203, 400.886719, 365.789062, 259.513672, 356.550781, 797.499023]
  main_aligned_actions_preview: shape=(44, 7) head=[[-25533.691, 83992.438, -58254.496, 2455.401, 57905.797, -100644.484, 35335.992], [-25538.930, 83304.695, -58709.246, 2829.296, 58908.055, -99070.125, 31228.895], [-25545.693, 82485.758, -59118.426, 3144.974, 59758.809, -97554.016, 26242.643]] tail=[[508.099, 43417.387, -31225.617, 8327.875, 36268.281, -1226.346, 781.781], [651.274, 42778.684, -30868.955, 8372.423, 35548.285, -1220.111, 879.518], [911.998, 41843.234, -30265.518, 8378.822, 34512.480, -1129.145, 815.561]]
  main_actions (post_main_postprocess) range: [-100644.4879, 83992.4366], shape=(44, 7)
  main_postprocess_chunk: joint_dims=6 state_to_first_l2=10999.593750 state_to_first_abs_max=7060.796875 step_delta_l2_mean=3149.092285 step_delta_l2_max=5864.430176 step_delta_abs_max=5578.941406 step_acc_l2_mean=338.088623 step_acc_l2_max=701.751648 step_acc_abs_max=655.537109
  main_postprocess_chunk_joint: joint_dims=6 state_to_first=[-81.691406, -3718.562500, -3596.496094, 1050.400635, 7060.796875, 6577.515625] step_delta_abs_max=[1631.827148, 1481.996094, 1433.222656, 558.251953, 1763.621094, 5578.941406] step_acc_abs_max=[199.208984, 237.523438, 276.117188, 122.476562, 242.433594, 655.537109]
  main_postprocess_actions_preview: shape=(44, 7) head=[[-25533.691, 83992.438, -58254.496, 2455.401, 57905.797, -100644.484, 35335.992], [-25536.311, 83648.562, -58481.871, 2642.348, 58406.926, -99857.305, 31228.895], [-25541.002, 83067.164, -58800.148, 2893.661, 59082.867, -98705.664, 26242.643]] tail=[[296.412, 44382.078, -31733.029, 8202.930, 37145.223, -1405.390, 781.781], [473.843, 43580.379, -31300.992, 8287.677, 36346.754, -1312.750, 879.518], [692.920, 42711.809, -30783.254, 8333.249, 35429.617, -1220.948, 815.561]]
  queue_boundary: joint_dims=6 delta=[-34.261719, -593.273438, -613.261719, 187.426758, 1175.382812, 1095.718750] l2=1829.341553 abs_max=1175.382812
  queue_actions (post_transition) range: [-106123.0625, 86958.8281], shape=(44, 7)
  queue_chunk: joint_dims=6 state_to_first_l2=1864.647827 state_to_first_abs_max=1183.867188 step_delta_l2_mean=3355.156250 step_delta_l2_max=5864.430176 step_delta_abs_max=5578.941406 step_acc_l2_mean=437.768311 step_acc_l2_max=2856.949219 step_acc_abs_max=1866.015625
  queue_chunk_joint: joint_dims=6 state_to_first=[89.625000, -752.171875, -530.171875, 113.266357, 1183.867188, 1098.937500] step_delta_abs_max=[1631.827148, 1651.820312, 1433.222656, 742.742432, 2216.046875, 5578.941406] step_acc_abs_max=[199.208984, 1048.875000, 791.195312, 295.516846, 1692.558594, 1866.015625]
  queue_actions_preview: shape=(44, 7) head=[[-25362.375, 86958.828, -55188.172, 1518.266, 52028.867, -106123.062, 49650.191], [-25408.076, 86276.266, -55889.676, 1775.279, 53360.250, -104747.328, 45372.293], [-25446.027, 85368.984, -56738.312, 2119.819, 54952.531, -102939.156, 39352.273]] tail=[[296.412, 44382.078, -31733.029, 8202.930, 37145.223, -1405.390, 781.781], [473.843, 43580.379, -31300.992, 8287.677, 36346.754, -1312.750, 879.518], [692.920, 42711.809, -30783.254, 8333.249, 35429.617, -1220.948, 815.561]]
Step 19: infer time = 0.2476 seconds
  raw_actions (normalized) range: [-1.6297, 1.0930], shape=(50, 7)
  raw_chunk: joint_dims=6 state_to_first_l2=n/a state_to_first_abs_max=n/a step_delta_l2_mean=0.069953 step_delta_l2_max=0.112538 step_delta_abs_max=0.096533 step_acc_l2_mean=0.020897 step_acc_l2_max=0.051041 step_acc_abs_max=0.039697
  raw_chunk_joint: joint_dims=6 state_to_first=n/a step_delta_abs_max=[0.056791, 0.038302, 0.040419, 0.017300, 0.092018, 0.096533] step_acc_abs_max=[0.018716, 0.025048, 0.024618, 0.018636, 0.039697, 0.033579]
  raw_actions_preview: shape=(50, 7) head=[[0.157, 0.018, -0.051, 0.095, 0.090, -0.149, -0.941], [0.171, 0.010, -0.051, 0.099, 0.107, -0.075, -0.959], [0.194, 0.027, -0.052, 0.085, 0.108, -0.012, -0.973]] tail=[[0.979, 1.036, -1.053, 0.129, -1.625, 0.965, -1.002], [0.967, 1.069, -1.079, 0.120, -1.630, 0.967, -0.997], [0.966, 1.093, -1.093, 0.115, -1.627, 0.962, -1.000]]
  policy_actions (denormalized, pre_postprocess) range: [-78310.6334, 75541.6715], shape=(50, 7)
  policy_chunk: joint_dims=6 state_to_first_l2=1710.971802 state_to_first_abs_max=1596.367188 step_delta_l2_mean=3304.079102 step_delta_l2_max=6413.291016 step_delta_abs_max=6270.500000 step_acc_l2_mean=905.052307 step_acc_l2_max=2237.537354 step_acc_abs_max=2181.203125
  policy_chunk_joint: joint_dims=6 state_to_first=[-72.517578, -576.460938, 40.601562, -199.079102, -13.757812, 1596.367188] step_delta_abs_max=[1950.197266, 2088.363281, 1855.576172, 390.256836, 3162.566406, 6270.500000] step_acc_abs_max=[642.705566, 1365.726562, 1130.177734, 420.392090, 1364.343750, 2181.203125]
  policy_actions_preview: shape=(50, 7) head=[[-24497.518, 75124.539, -59361.398, 6959.921, 63993.242, -78310.633, 1898.833], [-24023.430, 75541.672, -59360.422, 7055.336, 64576.055, -73486.289, 1293.942], [-23240.605, 74593.078, -59322.898, 6730.359, 64606.539, -69396.992, 780.406]] tail=[[3709.629, 19573.295, -13356.333, 7723.426, 5039.401, -5982.282, -203.666], [3314.848, 17801.299, -12181.513, 7518.405, 4892.221, -5817.153, -33.145], [3276.126, 16493.277, -11534.781, 7414.466, 4970.090, -6163.348, -127.302]]
  worker_actions (postprocess) range: [-78310.6334, 75333.1064], shape=(50, 7)
  worker_chunk: joint_dims=6 state_to_first_l2=1710.971802 state_to_first_abs_max=1596.367188 step_delta_l2_mean=3231.906494 step_delta_l2_max=6031.070801 step_delta_abs_max=5793.765625 step_acc_l2_mean=465.598969 step_acc_l2_max=1555.003296 step_acc_abs_max=1509.882812
  worker_chunk_joint: joint_dims=6 state_to_first=[-72.517578, -576.460938, 40.601562, -199.079102, -13.757812, 1596.367188] step_delta_abs_max=[1726.758789, 1842.179688, 1462.679688, 316.769531, 2669.921875, 5793.765625] step_acc_abs_max=[330.687500, 578.585938, 478.410156, 186.342285, 572.863281, 1509.882812]
  worker_actions_preview: shape=(50, 7) head=[[-24497.518, 75124.539, -59361.398, 6959.921, 63993.242, -78310.633, 1898.833], [-24260.473, 75333.109, -59360.910, 7007.628, 64284.648, -75898.461, 1293.942], [-23750.539, 74963.094, -59341.902, 6868.994, 64445.594, -72647.727, 780.406]] tail=[[3581.683, 21038.451, -14304.952, 7816.131, 5302.433, -6066.789, -203.666], [3448.265, 19419.875, -13243.232, 7667.268, 5097.327, -5941.971, -33.145], [3362.196, 17956.576, -12389.007, 7540.867, 5033.708, -6052.659, -127.302]]
  main_actions (aligned_from_worker) range: [-58434.8598, 72341.2482], shape=(44, 7)
  main_aligned_chunk: joint_dims=6 state_to_first_l2=29352.390625 state_to_first_abs_max=28721.843750 step_delta_l2_mean=3035.898193 step_delta_l2_max=6031.070801 step_delta_abs_max=5793.765625 step_acc_l2_mean=430.577576 step_acc_l2_max=860.434387 step_acc_abs_max=793.279297
  main_aligned_chunk_joint: joint_dims=6 state_to_first=[4790.328125, -3359.750000, 967.140625, -591.364258, 1047.964844, 28721.843750] step_delta_abs_max=[1726.758789, 1842.179688, 1462.679688, 316.769531, 2669.921875, 5793.765625] step_acc_abs_max=[278.090820, 304.769531, 478.410156, 153.558594, 572.863281, 793.279297]
  main_aligned_actions_preview: shape=(44, 7) head=[[-19634.672, 72341.250, -58434.859, 6567.636, 65054.965, -51185.156, 695.188], [-18210.422, 71630.820, -57940.707, 6487.153, 64905.852, -45391.391, 677.257], [-16893.234, 70843.445, -57302.086, 6418.700, 64601.613, -39945.180, 673.887]] tail=[[3581.683, 21038.451, -14304.952, 7816.131, 5302.433, -6066.789, -203.666], [3448.265, 19419.875, -13243.232, 7667.268, 5097.327, -5941.971, -33.145], [3362.196, 17956.576, -12389.007, 7540.867, 5033.708, -6052.659, -127.302]]
  main_actions (post_main_postprocess) range: [-58434.8598, 72341.2482], shape=(44, 7)
  main_postprocess_chunk: joint_dims=6 state_to_first_l2=29352.390625 state_to_first_abs_max=28721.843750 step_delta_l2_mean=2974.662842 step_delta_l2_max=5449.547852 step_delta_abs_max=5097.843750 step_acc_l2_mean=323.720459 step_acc_l2_max=1347.106323 step_acc_abs_max=1274.664062
  main_postprocess_chunk_joint: joint_dims=6 state_to_first=[4790.328125, -3359.750000, 967.140625, -591.364258, 1047.964844, 28721.843750] step_delta_abs_max=[1631.294922, 1729.308594, 1287.572266, 275.744141, 2567.779297, 5097.843750] step_acc_abs_max=[302.531250, 216.078125, 286.019531, 92.283203, 351.045898, 1274.664062]
  main_postprocess_actions_preview: shape=(44, 7) head=[[-19634.672, 72341.250, -58434.859, 6567.636, 65054.965, -51185.156, 695.188], [-18922.547, 71986.031, -58187.781, 6527.394, 64980.406, -48288.273, 677.257], [-17907.891, 71414.734, -57744.934, 6473.047, 64791.012, -44116.727, 673.887]] tail=[[3498.473, 22538.598, -15253.929, 7946.754, 5717.265, -6133.115, -203.666], [3473.369, 20979.236, -14248.580, 7807.011, 5407.296, -6037.543, -33.145], [3417.782, 19467.906, -13318.794, 7673.939, 5220.502, -6045.101, -127.302]]
  queue_boundary: joint_dims=6 delta=[-458.560547, 480.351562, -441.410156, -74.562012, 347.800781, -2335.417969] l2=2493.303223 abs_max=2335.417969
  queue_actions (post_transition) range: [-56227.8125, 69939.4766], shape=(44, 7)
  queue_chunk: joint_dims=6 state_to_first_l2=41545.640625 state_to_first_abs_max=40398.929688 step_delta_l2_mean=2689.328369 step_delta_l2_max=5065.223145 step_delta_abs_max=4474.876953 step_acc_l2_mean=334.858643 step_acc_l2_max=2839.644775 step_acc_abs_max=2199.787109
  queue_chunk_joint: joint_dims=6 state_to_first=[7083.136719, -5761.523438, 3174.187500, -218.555664, -691.023438, 40398.929688] step_delta_abs_max=[1631.294922, 1729.308594, 1287.572266, 275.744141, 2567.779297, 4474.876953] step_acc_abs_max=[875.821289, 768.718750, 1124.671875, 152.324707, 760.550781, 2199.787109]
  queue_actions_preview: shape=(44, 7) head=[[-17341.863, 69939.477, -56227.812, 6940.444, 63315.977, -39508.070, 1217.353], [-16517.461, 69719.414, -55767.594, 6857.428, 63187.770, -37467.246, 1156.402], [-15795.491, 69551.234, -55508.938, 6739.081, 63160.340, -35677.445, 1000.145]] tail=[[3498.473, 22538.598, -15253.929, 7946.754, 5717.265, -6133.115, -203.666], [3473.369, 20979.236, -14248.580, 7807.011, 5407.296, -6037.543, -33.145], [3417.782, 19467.906, -13318.794, 7673.939, 5220.502, -6045.101, -127.302]]
Step 20: infer time = 0.2422 seconds
  raw_actions (normalized) range: [-1.3844, 1.1994], shape=(50, 7)
  raw_chunk: joint_dims=6 state_to_first_l2=n/a state_to_first_abs_max=n/a step_delta_l2_mean=0.051801 step_delta_l2_max=0.092763 step_delta_abs_max=0.078908 step_acc_l2_mean=0.014556 step_acc_l2_max=0.026595 step_acc_abs_max=0.020598
  raw_chunk_joint: joint_dims=6 state_to_first=n/a step_delta_abs_max=[0.016634, 0.034980, 0.035270, 0.019489, 0.078908, 0.010468] step_acc_abs_max=[0.014565, 0.017454, 0.014524, 0.013975, 0.020598, 0.006525]
  raw_actions_preview: shape=(50, 7) head=[[0.156, 0.005, -0.047, 0.094, 0.090, -0.166, -0.972], [0.172, 0.031, -0.075, 0.100, 0.052, -0.156, -0.982], [0.185, 0.060, -0.111, 0.103, -0.007, -0.150, -0.983]] tail=[[0.284, 1.185, -1.043, 0.130, -1.273, -0.133, -0.993], [0.288, 1.199, -1.056, 0.133, -1.252, -0.133, -0.990], [0.286, 1.196, -1.055, 0.131, -1.223, -0.132, -0.990]]
  policy_actions (denormalized, pre_postprocess) range: [-46345.7513, 62760.2619], shape=(50, 7)
  policy_chunk: joint_dims=6 state_to_first_l2=560.928772 state_to_first_abs_max=472.594727 step_delta_l2_mean=2171.909912 step_delta_l2_max=3620.653564 step_delta_abs_max=2711.986328 step_acc_l2_mean=596.788574 step_acc_l2_max=1201.909058 step_acc_abs_max=951.618530
  policy_chunk_joint: joint_dims=6 state_to_first=[-123.916748, 120.261719, -130.750000, -209.381348, -23.257812, 472.594727] step_delta_abs_max=[571.225830, 1907.195312, 1619.175781, 439.651367, 2711.986328, 679.942383] step_acc_abs_max=[500.184387, 951.618530, 666.772461, 315.251953, 707.929688, 423.834961]
  policy_actions_preview: shape=(50, 7) head=[[-4079.917, 62760.262, -46345.750, 5903.619, 56627.742, -10200.405, 838.064], [-3508.691, 61317.801, -45048.492, 6023.169, 55327.770, -9520.463, 487.514], [-3075.385, 59777.855, -43429.316, 6093.784, 53319.867, -9161.750, 455.638]] tail=[[318.874, -1609.541, -650.105, 6700.916, 9794.212, -8058.738, 109.793], [445.912, -2369.796, -52.617, 6782.231, 10517.369, -8020.810, 206.913], [385.961, -2178.433, -94.609, 6737.519, 11520.744, -7956.388, 196.317]]
  worker_actions (postprocess) range: [-46345.7513, 62760.2619], shape=(50, 7)
  worker_chunk: joint_dims=6 state_to_first_l2=560.928772 state_to_first_abs_max=472.594727 step_delta_l2_mean=2119.539795 step_delta_l2_max=3424.068604 step_delta_abs_max=2604.935547 step_acc_l2_mean=280.518921 step_acc_l2_max=932.530579 step_acc_abs_max=678.953125
  worker_chunk_joint: joint_dims=6 state_to_first=[-123.916748, 120.261719, -130.750000, -209.381348, -23.257812, 472.594727] step_delta_abs_max=[399.367188, 1711.062500, 1454.394531, 398.833496, 2604.935547, 349.341797] step_acc_abs_max=[187.566620, 460.689575, 485.273438, 168.173828, 678.953125, 174.638672]
  worker_actions_preview: shape=(50, 7) head=[[-4079.917, 62760.262, -46345.750, 5903.619, 56627.742, -10200.405, 838.064], [-3794.304, 62039.031, -45697.121, 5963.394, 55977.754, -9860.434, 487.514], [-3434.844, 60908.441, -44563.219, 6028.589, 54648.812, -9511.092, 455.638]] tail=[[336.865, -940.752, -1017.573, 6532.097, 9052.844, -8162.986, 109.793], [391.388, -1655.274, -535.095, 6657.165, 9785.106, -8091.898, 206.913], [388.675, -1916.854, -314.852, 6697.341, 10652.925, -8024.143, 196.317]]
  main_actions (aligned_from_worker) range: [-40147.0035, 56220.2548], shape=(44, 7)
  main_aligned_chunk: joint_dims=6 state_to_first_l2=12437.555664 state_to_first_abs_max=8290.718750 step_delta_l2_mean=2122.549561 step_delta_l2_max=3424.068604 step_delta_abs_max=2604.935547 step_acc_l2_mean=277.211975 step_acc_l2_max=602.023560 step_acc_abs_max=460.689575
  main_aligned_chunk_joint: joint_dims=6 state_to_first=[1711.897217, -6419.746094, 6067.996094, 879.462402, -8290.718750, 2054.027344] step_delta_abs_max=[354.346466, 1711.062500, 1454.394531, 398.833496, 2604.935547, 289.812500] step_acc_abs_max=[187.566620, 460.689575, 270.631348, 168.173828, 361.630859, 174.638672]
  main_aligned_actions_preview: shape=(44, 7) head=[[-2244.103, 56220.254, -40147.004, 6992.462, 48360.281, -8618.973, 384.287], [-2111.542, 55007.691, -39103.008, 7351.052, 46726.207, -8329.160, 453.840], [-2026.100, 53853.504, -38169.441, 7749.886, 45150.012, -8087.552, 461.658]] tail=[[336.865, -940.752, -1017.573, 6532.097, 9052.844, -8162.986, 109.793], [391.388, -1655.274, -535.095, 6657.165, 9785.106, -8091.898, 206.913], [388.675, -1916.854, -314.852, 6697.341, 10652.925, -8024.143, 196.317]]
  main_actions (post_main_postprocess) range: [-40147.0035, 56220.2548], shape=(44, 7)
  main_postprocess_chunk: joint_dims=6 state_to_first_l2=12437.555664 state_to_first_abs_max=8290.718750 step_delta_l2_mean=2086.546875 step_delta_l2_max=3226.410645 step_delta_abs_max=2485.486328 step_acc_l2_mean=187.723465 step_acc_l2_max=525.314270 step_acc_abs_max=379.574219
  main_postprocess_chunk_joint: joint_dims=6 state_to_first=[1711.897217, -6419.746094, 6067.996094, 879.462402, -8290.718750, 2054.027344] step_delta_abs_max=[310.357788, 1617.613281, 1401.496094, 375.286621, 2485.486328, 202.251465] step_acc_abs_max=[91.963318, 273.953125, 205.789062, 109.769531, 379.574219, 91.076172]
  main_postprocess_actions_preview: shape=(44, 7) head=[[-2244.103, 56220.254, -40147.004, 6992.462, 48360.281, -8618.973, 384.287], [-2177.823, 55613.973, -39625.008, 7171.757, 47543.242, -8474.066, 453.840], [-2101.961, 54733.738, -38897.223, 7460.822, 46346.629, -8280.809, 461.658]] tail=[[344.042, -93.760, -1473.049, 6378.292, 8403.640, -8246.812, 109.793], [367.715, -874.517, -1004.072, 6517.728, 9094.373, -8169.355, 206.913], [378.195, -1395.685, -659.462, 6607.535, 9873.649, -8096.749, 196.317]]
  queue_boundary: joint_dims=6 delta=[-448.139893, 414.289062, -431.410156, -5.114258, 812.382812, -482.784180] l2=1204.845215 abs_max=812.382812
  queue_actions (post_transition) range: [-37989.9414, 54148.8047], shape=(44, 7)
  queue_chunk: joint_dims=6 state_to_first_l2=18131.300781 state_to_first_abs_max=12352.628906 step_delta_l2_mean=1989.411377 step_delta_l2_max=3226.410645 step_delta_abs_max=2485.486328 step_acc_l2_mean=204.420364 step_acc_l2_max=1484.878418 step_acc_abs_max=1146.203125
  queue_chunk_joint: joint_dims=6 state_to_first=[3952.596680, -8491.195312, 8225.058594, 905.031250, -12352.628906, 4467.947266] step_delta_abs_max=[415.995728, 1617.613281, 1401.496094, 375.286621, 2485.486328, 489.681641] step_acc_abs_max=[490.692871, 575.988281, 461.414062, 99.306641, 1146.203125, 319.803711]
  queue_actions_preview: shape=(44, 7) head=[[-3.403, 54148.805, -37989.941, 7018.031, 44298.371, -6205.053, 6.747], [-280.474, 53549.000, -37638.371, 7222.416, 43693.059, -6694.734, 339.270], [-623.000, 52994.496, -37349.688, 7467.361, 43194.586, -7004.427, 292.036]] tail=[[344.042, -93.760, -1473.049, 6378.292, 8403.640, -8246.812, 109.793], [367.715, -874.517, -1004.072, 6517.728, 9094.373, -8169.355, 206.913], [378.195, -1395.685, -659.462, 6607.535, 9873.649, -8096.749, 196.317]]