Step 17: infer time = 0.2484 seconds
  raw_actions (normalized) range: [-1.2117, 1.5377], shape=(50, 7)
  raw_chunk: joint_dims=6 state_to_first_l2=n/a state_to_first_abs_max=n/a step_delta_l2_mean=0.074672 step_delta_l2_max=0.116006 step_delta_abs_max=0.109084 step_acc_l2_mean=0.019985 step_acc_l2_max=0.054460 step_acc_abs_max=0.046256
  raw_chunk_joint: joint_dims=6 state_to_first=n/a step_delta_abs_max=[0.048243, 0.038555, 0.039895, 0.022904, 0.098214, 0.109084] step_acc_abs_max=[0.011574, 0.017678, 0.013880, 0.020540, 0.046256, 0.038196]
  raw_actions_preview: shape=(50, 7) head=[[0.155, 0.011, -0.051, 0.104, 0.092, -0.165, 0.208], [0.160, 0.025, -0.051, 0.112, 0.111, -0.149, 0.148], [0.158, 0.039, -0.038, 0.124, 0.152, -0.125, 0.058]] tail=[[1.029, 0.956, -0.754, 0.439, -1.120, 1.537, -1.006], [1.024, 0.982, -0.775, 0.419, -1.172, 1.527, -1.005], [1.026, 1.017, -0.801, 0.413, -1.212, 1.530, -1.002]]
  policy_actions (denormalized, pre_postprocess) range: [-105286.1317, 88265.6040], shape=(50, 7)
  policy_chunk: joint_dims=6 state_to_first_l2=613.651062 state_to_first_abs_max=558.867188 step_delta_l2_mean=3687.889404 step_delta_l2_max=7228.082520 step_delta_abs_max=7085.769531 step_acc_l2_mean=944.207947 step_acc_l2_max=2712.813721 step_acc_abs_max=2481.072266
  policy_chunk_joint: joint_dims=6 state_to_first=[-156.998047, -189.398438, 40.105469, 13.872070, 43.750000, 558.867188] step_delta_abs_max=[1656.657227, 2102.156250, 1831.519531, 516.686523, 3375.519531, 7085.769531] step_acc_abs_max=[397.441895, 963.886719, 637.218750, 463.347168, 1589.777344, 2481.072266]
  policy_actions_preview: shape=(50, 7) head=[[-25707.998, 88265.602, -57174.895, -1511.128, 58379.750, -105286.133, 41771.277], [-25543.797, 87473.094, -57163.797, -1335.551, 59061.387, -104248.492, 39696.234], [-25602.525, 86701.570, -57746.062, -1069.015, 60449.660, -102719.977, 36578.848]] tail=[[4310.467, 36699.258, -24916.545, 6031.719, 16739.943, 5275.212, -354.940], [4130.829, 35284.320, -23946.242, 5587.546, 14951.667, 4583.100, -321.332], [4214.381, 33367.465, -22715.559, 5456.139, 13590.426, 4781.379, -193.504]]
  worker_actions (postprocess) range: [-105286.1317, 88265.6040], shape=(50, 7)
  worker_chunk: joint_dims=6 state_to_first_l2=613.651062 state_to_first_abs_max=558.867188 step_delta_l2_mean=3597.689209 step_delta_l2_max=6627.792480 step_delta_abs_max=6436.300781 step_acc_l2_mean=457.458282 step_acc_l2_max=1156.382446 step_acc_abs_max=935.164062
  worker_chunk_joint: joint_dims=6 state_to_first=[-156.998047, -189.398438, 40.105469, 13.872070, 43.750000, 558.867188] step_delta_abs_max=[1505.760742, 1876.378906, 1584.785156, 476.736816, 3007.042969, 6436.300781] step_acc_abs_max=[226.439453, 450.359375, 293.902344, 210.618164, 719.750000, 935.164062]
  worker_actions_preview: shape=(50, 7) head=[[-25707.998, 88265.602, -57174.895, -1511.128, 58379.750, -105286.133, 41771.277], [-25625.896, 87869.352, -57169.348, -1423.339, 58720.570, -104767.312, 39696.234], [-25614.211, 87285.461, -57457.703, -1246.177, 59585.117, -103743.648, 36578.848]] tail=[[4162.400, 38219.301, -26038.850, 6054.654, 18574.863, 5122.222, -354.940], [4146.614, 36751.809, -24992.547, 5821.100, 16763.266, 4852.661, -321.332], [4180.498, 35059.637, -23854.053, 5638.620, 15176.846, 4817.020, -193.504]]
  main_actions (aligned_from_worker) range: [-97906.9468, 84774.2071], shape=(44, 7)
  main_aligned_chunk: joint_dims=6 state_to_first_l2=9865.317383 state_to_first_abs_max=7938.054688 step_delta_l2_mean=3880.372559 step_delta_l2_max=6627.792480 step_delta_abs_max=6436.300781 step_acc_l2_mean=453.523010 step_acc_l2_max=1156.382446 step_acc_abs_max=915.800781
  main_aligned_chunk_joint: joint_dims=6 state_to_first=[67.072266, -3680.789062, -844.167969, 1362.241455, 4265.062500, 7938.054688] step_delta_abs_max=[1505.760742, 1876.378906, 1584.785156, 476.736816, 3007.042969, 6436.300781] step_acc_abs_max=[226.439453, 450.359375, 269.675781, 210.618164, 719.750000, 915.800781]
  main_aligned_actions_preview: shape=(44, 7) head=[[-25483.928, 84774.211, -58059.168, -162.759, 62601.062, -97906.945, 21396.025], [-25313.871, 84059.938, -58097.480, 109.192, 63363.582, -94999.172, 16500.566], [-25092.154, 83513.914, -58108.770, 324.765, 63903.086, -91935.570, 12561.035]] tail=[[4162.400, 38219.301, -26038.850, 6054.654, 18574.863, 5122.222, -354.940], [4146.614, 36751.809, -24992.547, 5821.100, 16763.266, 4852.661, -321.332], [4180.498, 35059.637, -23854.053, 5638.620, 15176.846, 4817.020, -193.504]]
  main_actions (post_main_postprocess) range: [-97906.9468, 84774.2071], shape=(44, 7)
  main_postprocess_chunk: joint_dims=6 state_to_first_l2=9865.317383 state_to_first_abs_max=7938.054688 step_delta_l2_mean=3800.691162 step_delta_l2_max=6254.591797 step_delta_abs_max=6030.800781 step_acc_l2_mean=350.226654 step_acc_l2_max=818.083374 step_acc_abs_max=804.867188
  main_postprocess_chunk_joint: joint_dims=6 state_to_first=[67.072266, -3680.789062, -844.167969, 1362.241455, 4265.062500, 7938.054688] step_delta_abs_max=[1432.142578, 1787.738281, 1471.515625, 460.687988, 2795.835938, 6030.800781] step_acc_abs_max=[171.380859, 230.179688, 146.027344, 102.794434, 385.179688, 804.867188]
  main_postprocess_actions_preview: shape=(44, 7) head=[[-25483.928, 84774.211, -58059.168, -162.759, 62601.062, -97906.945, 21396.025], [-25398.898, 84417.070, -58078.324, -26.783, 62982.320, -96453.062, 16500.566], [-25245.527, 83965.492, -58093.547, 148.991, 63442.703, -94194.312, 12561.035]] tail=[[4031.844, 39719.445, -27186.467, 6094.948, 20502.686, 4994.107, -354.940], [4089.229, 38235.629, -26089.506, 5958.024, 18632.977, 4923.384, -321.332], [4134.863, 36647.633, -24971.779, 5798.322, 16904.910, 4870.202, -193.504]]
  queue_boundary: joint_dims=6 delta=[-114.107422, 335.406250, 134.710938, -115.928024, -199.011719, -1943.828125] l2=1993.784790 abs_max=1943.828125
  queue_actions (post_transition) range: [-92075.4531, 83768.0000], shape=(44, 7)
  queue_chunk: joint_dims=6 state_to_first_l2=15487.362305 state_to_first_abs_max=13769.546875 step_delta_l2_mean=3669.067627 step_delta_l2_max=6254.591797 step_delta_abs_max=6030.800781 step_acc_l2_mean=388.278778 step_acc_l2_max=3213.593262 step_acc_abs_max=3138.578125
  queue_chunk_joint: joint_dims=6 state_to_first=[409.394531, -4687.000000, -1248.300781, 1710.025513, 4862.093750, 13769.546875] step_delta_abs_max=[1432.142578, 1787.738281, 1471.515625, 460.687988, 2795.835938, 6030.800781] step_acc_abs_max=[358.679688, 533.367188, 156.304688, 116.644440, 385.179688, 3138.578125]
  queue_actions_preview: shape=(44, 7) head=[[-25141.605, 83768.000, -58463.301, 185.026, 63198.094, -92075.453, 19920.023], [-25101.773, 83644.297, -58390.973, 278.871, 63411.070, -91755.344, 16122.459], [-25053.387, 83564.328, -58265.562, 325.137, 63645.410, -91636.547, 12612.115]] tail=[[4031.844, 39719.445, -27186.467, 6094.948, 20502.686, 4994.107, -354.940], [4089.229, 38235.629, -26089.506, 5958.024, 18632.977, 4923.384, -321.332], [4134.863, 36647.633, -24971.779, 5798.322, 16904.910, 4870.202, -193.504]]
Step 18: infer time = 0.2420 seconds
  raw_actions (normalized) range: [-1.3601, 1.2094], shape=(50, 7)
  raw_chunk: joint_dims=6 state_to_first_l2=n/a state_to_first_abs_max=n/a step_delta_l2_mean=0.065516 step_delta_l2_max=0.121160 step_delta_abs_max=0.101559 step_acc_l2_mean=0.021322 step_acc_l2_max=0.050788 step_acc_abs_max=0.033811
  raw_chunk_joint: joint_dims=6 state_to_first=n/a step_delta_abs_max=[0.062489, 0.038379, 0.037935, 0.032716, 0.072045, 0.101559] step_acc_abs_max=[0.031230, 0.019836, 0.031083, 0.017963, 0.033811, 0.028714]
  raw_actions_preview: shape=(50, 7) head=[[0.166, 0.019, -0.054, 0.100, 0.092, -0.154, -0.959], [0.205, 0.035, -0.068, 0.105, 0.101, -0.069, -0.977], [0.255, 0.057, -0.075, 0.113, 0.110, 0.012, -0.988]] tail=[[0.746, 1.147, -1.003, 0.226, -1.348, 0.826, -0.996], [0.759, 1.183, -1.039, 0.213, -1.355, 0.828, -1.002], [0.753, 1.209, -1.058, 0.205, -1.360, 0.823, -1.006]]
  policy_actions (denormalized, pre_postprocess) range: [-59118.0231, 74836.1511], shape=(50, 7)
  policy_chunk: joint_dims=6 state_to_first_l2=1422.471924 state_to_first_abs_max=1239.976562 step_delta_l2_mean=3083.927246 step_delta_l2_max=7025.733398 step_delta_abs_max=6596.945312 step_acc_l2_mean=929.970398 step_acc_l2_max=2186.965820 step_acc_abs_max=1865.146484
  policy_chunk_joint: joint_dims=6 state_to_first=[222.075195, -624.851562, 189.824219, -75.726196, 66.031250, 1239.976562] step_delta_abs_max=[2145.877930, 2092.566406, 1741.542969, 738.014648, 2476.113281, 6596.945312] step_acc_abs_max=[1072.433594, 1081.507812, 1426.978516, 405.220215, 1162.070312, 1865.146484]
  policy_actions_preview: shape=(50, 7) head=[[-15819.925, 74836.148, -56070.176, 739.274, 66696.031, -59118.023, 1292.053], [-14470.865, 73956.195, -55441.660, 836.566, 66998.570, -53588.809, 644.750], [-12761.384, 72759.258, -55115.766, 1019.931, 67303.906, -48293.797, 288.725]] tail=[[4106.445, 13324.701, -12498.066, 3583.936, 17201.756, 4573.280, 4.998], [4534.184, 11339.464, -10840.258, 3271.531, 16974.387, 4680.960, -201.849], [4331.314, 9905.906, -9966.223, 3093.676, 16783.744, 4386.763, -361.932]]
  worker_actions (postprocess) range: [-59118.0231, 74836.1511], shape=(50, 7)
  worker_chunk: joint_dims=6 state_to_first_l2=1422.471924 state_to_first_abs_max=1239.976562 step_delta_l2_mean=2993.922607 step_delta_l2_max=6354.864746 step_delta_abs_max=6021.484375 step_acc_l2_mean=491.204742 step_acc_l2_max=1422.064209 step_acc_abs_max=1265.199219
  worker_chunk_joint: joint_dims=6 state_to_first=[222.075195, -624.851562, 189.824219, -75.726196, 66.031250, 1239.976562] step_delta_abs_max=[1748.998047, 1782.621094, 1660.800781, 535.440430, 2353.687500, 6021.484375] step_acc_abs_max=[517.475586, 426.082031, 515.787109, 202.573730, 526.996094, 1265.199219]
  worker_actions_preview: shape=(50, 7) head=[[-15819.925, 74836.148, -56070.176, 739.274, 66696.031, -59118.023, 1292.053], [-15145.395, 74396.172, -55755.918, 787.920, 66847.297, -56353.414, 644.750], [-13953.389, 73577.711, -55435.844, 903.925, 67075.602, -52323.605, 288.725]] tail=[[4407.376, 14702.741, -13495.023, 4021.432, 17563.549, 4529.172, 4.998], [4470.780, 13021.103, -12167.641, 3646.481, 17268.969, 4605.066, -201.849], [4401.047, 11463.504, -11066.932, 3370.078, 17026.355, 4495.915, -361.932]]
  main_actions (aligned_from_worker) range: [-53657.1819, 70094.9719], shape=(44, 7)
  main_aligned_chunk: joint_dims=6 state_to_first_l2=32415.277344 state_to_first_abs_max=30665.634766 step_delta_l2_mean=2688.494629 step_delta_l2_max=5739.093750 step_delta_abs_max=5434.615234 step_acc_l2_mean=458.676483 step_acc_l2_max=1000.038696 step_acc_abs_max=950.999023
  main_aligned_chunk_joint: joint_dims=6 state_to_first=[8634.103516, -5366.031250, 2602.816406, 499.960083, 48.828125, 30665.634766] step_delta_abs_max=[1563.635742, 1782.621094, 1660.800781, 535.440430, 2353.687500, 5434.615234] step_acc_abs_max=[364.335938, 426.082031, 515.787109, 202.573730, 526.996094, 950.999023]
  main_aligned_actions_preview: shape=(44, 7) head=[[-7407.896, 70094.969, -53657.184, 1314.960, 66678.828, -29692.365, 11.884], [-5849.289, 69331.367, -53200.410, 1429.114, 66268.781, -24257.750, 179.422], [-4285.653, 68423.328, -52712.785, 1548.511, 65756.375, -18859.988, 227.364]] tail=[[4407.376, 14702.741, -13495.023, 4021.432, 17563.549, 4529.172, 4.998], [4470.780, 13021.103, -12167.641, 3646.481, 17268.969, 4605.066, -201.849], [4401.047, 11463.504, -11066.932, 3370.078, 17026.355, 4495.915, -361.932]]
  main_actions (post_main_postprocess) range: [-53657.1819, 70094.9719], shape=(44, 7)
  main_postprocess_chunk: joint_dims=6 state_to_first_l2=32415.277344 state_to_first_abs_max=30665.634766 step_delta_l2_mean=2615.170410 step_delta_l2_max=4641.808105 step_delta_abs_max=4288.197266 step_acc_l2_mean=331.516998 step_acc_l2_max=1435.491699 step_acc_abs_max=1340.228516
  main_postprocess_chunk_joint: joint_dims=6 state_to_first=[8634.103516, -5366.031250, 2602.816406, 499.960083, 48.828125, 30665.634766] step_delta_abs_max=[1326.122559, 1625.398438, 1543.578125, 459.622070, 2246.539062, 4288.197266] step_acc_abs_max=[392.166016, 263.125000, 272.015625, 143.702148, 359.933594, 1340.228516]
  main_postprocess_actions_preview: shape=(44, 7) head=[[-7407.896, 70094.969, -53657.184, 1314.960, 66678.828, -29692.365, 11.884], [-6628.593, 69713.172, -53428.797, 1372.037, 66473.805, -26975.059, 179.422], [-5457.123, 69068.250, -53070.789, 1460.274, 66115.086, -22917.523, 227.364]] tail=[[4564.090, 16179.546, -14540.904, 4467.804, 17918.910, 4496.755, 4.998], [4517.435, 14600.324, -13354.272, 4057.142, 17593.939, 4550.911, -201.849], [4459.241, 13031.914, -12210.602, 3713.610, 17310.148, 4523.413, -361.932]]
  queue_boundary: joint_dims=6 delta=[-486.281738, 64.890625, -219.726562, -58.324951, 751.375000, -5137.458984] l2=5220.192383 abs_max=5137.458984
  queue_actions (post_transition) range: [-52998.0039, 69900.2812], shape=(44, 7)
  queue_chunk: joint_dims=6 state_to_first_l2=47664.789062 state_to_first_abs_max=46078.015625 step_delta_l2_mean=2469.136719 step_delta_l2_max=4641.808105 step_delta_abs_max=4288.197266 step_acc_l2_mean=449.738708 step_acc_l2_max=5093.049805 step_acc_abs_max=4848.720703
  queue_chunk_joint: joint_dims=6 state_to_first=[10092.949219, -5560.718750, 3261.996094, 674.935059, -2205.292969, 46078.015625] step_delta_abs_max=[1326.122559, 1625.398438, 1543.578125, 459.622070, 2246.539062, 4288.197266] step_acc_abs_max=[637.618164, 384.000000, 573.265625, 198.033936, 1227.679688, 4848.720703]
  queue_actions_preview: shape=(44, 7) head=[[-5949.050, 69900.281, -52998.004, 1489.935, 64424.707, -14279.986, 255.635], [-5482.914, 69386.711, -52711.812, 1580.893, 64641.891, -16531.912, 261.755], [-4908.733, 68851.672, -52577.605, 1615.216, 65010.098, -18104.852, 281.242]] tail=[[4564.090, 16179.546, -14540.904, 4467.804, 17918.910, 4496.755, 4.998], [4517.435, 14600.324, -13354.272, 4057.142, 17593.939, 4550.911, -201.849], [4459.241, 13031.914, -12210.602, 3713.610, 17310.148, 4523.413, -361.932]]
Step 19: infer time = 0.2460 seconds
  raw_actions (normalized) range: [-1.0523, 1.0587], shape=(50, 7)
  raw_chunk: joint_dims=6 state_to_first_l2=n/a state_to_first_abs_max=n/a step_delta_l2_mean=0.047700 step_delta_l2_max=0.095889 step_delta_abs_max=0.083988 step_acc_l2_mean=0.014276 step_acc_l2_max=0.029192 step_acc_abs_max=0.024764
  raw_chunk_joint: joint_dims=6 state_to_first=n/a step_delta_abs_max=[0.009317, 0.040566, 0.031110, 0.013698, 0.083988, 0.006909] step_acc_abs_max=[0.014020, 0.015060, 0.015487, 0.008649, 0.024764, 0.011347]
  raw_actions_preview: shape=(50, 7) head=[[0.155, 0.001, -0.044, 0.096, 0.085, -0.163, -0.996], [0.161, 0.034, -0.073, 0.106, 0.044, -0.158, -1.001], [0.159, 0.068, -0.104, 0.115, -0.009, -0.154, -0.995]] tail=[[0.123, 1.048, -0.980, -0.023, -0.687, -0.142, -0.985], [0.125, 1.044, -0.981, -0.027, -0.672, -0.143, -0.983], [0.128, 1.049, -0.988, -0.024, -0.673, -0.145, -0.988]]
  policy_actions (denormalized, pre_postprocess) range: [-43693.0666, 57645.0161], shape=(50, 7)
  policy_chunk: joint_dims=6 state_to_first_l2=863.636902 state_to_first_abs_max=680.855225 step_delta_l2_mean=2015.327515 step_delta_l2_max=3682.248535 step_delta_abs_max=2886.589844 step_acc_l2_mean=592.104492 step_acc_l2_max=1256.402832 step_acc_abs_max=851.114258
  policy_chunk_joint: joint_dims=6 state_to_first=[-149.277344, 333.015625, -295.066406, -164.114258, -187.414062, 680.855225] step_delta_abs_max=[319.964844, 2211.777344, 1428.210938, 308.995117, 2886.589844, 448.788574] step_acc_abs_max=[481.459961, 821.091797, 710.995117, 195.113647, 851.114258, 737.046875]
  policy_actions_preview: shape=(50, 7) head=[[5293.723, 57645.016, -43693.066, 4716.886, 53809.586, 3658.855, -8.167], [5493.555, 55829.613, -42342.367, 4925.424, 52395.625, 3970.333, -181.407], [5415.292, 53995.074, -40914.156, 5139.685, 50570.207, 4223.672, 37.945]] tail=[[4199.130, 558.519, -694.277, 2012.228, 27276.914, 5012.802, 397.297], [4269.619, 749.207, -656.540, 1938.081, 27795.588, 4953.507, 436.275], [4371.191, 524.812, -313.740, 1988.346, 27758.455, 4820.954, 268.160]]
  worker_actions (postprocess) range: [-43693.0666, 57645.0161], shape=(50, 7)
  worker_chunk: joint_dims=6 state_to_first_l2=863.636902 state_to_first_abs_max=680.855225 step_delta_l2_mean=1965.214966 step_delta_l2_max=3388.802979 step_delta_abs_max=2714.982422 step_acc_l2_mean=287.571350 step_acc_l2_max=826.154175 step_acc_abs_max=559.218750
  worker_chunk_joint: joint_dims=6 state_to_first=[-149.277344, 333.015625, -295.066406, -164.114258, -187.414062, 680.855225] step_delta_abs_max=[245.751709, 1893.957031, 1284.613281, 289.131348, 2714.982422, 204.539062] step_acc_abs_max=[237.770508, 463.421875, 376.433594, 81.513672, 559.218750, 273.875488]
  worker_actions_preview: shape=(50, 7) head=[[5293.723, 57645.016, -43693.066, 4716.886, 53809.586, 3658.855, -8.167], [5393.639, 56737.316, -43017.719, 4821.155, 53102.605, 3814.594, -181.407], [5404.466, 55366.195, -41965.938, 4980.420, 51836.406, 4019.133, 37.945]] tail=[[4130.760, 557.941, -1056.967, 2001.504, 26766.408, 5072.094, 397.297], [4200.189, 653.574, -856.753, 1969.792, 27280.998, 5012.800, 436.275], [4285.690, 589.193, -585.247, 1979.069, 27519.727, 4916.877, 268.160]]
  main_actions (aligned_from_worker) range: [-37373.0125, 48979.8538], shape=(44, 7)
  main_aligned_chunk: joint_dims=6 state_to_first_l2=13892.024414 state_to_first_abs_max=9205.675781 step_delta_l2_mean=1911.236206 step_delta_l2_max=3388.802979 step_delta_abs_max=2714.982422 step_acc_l2_mean=279.761871 step_acc_l2_max=576.498474 step_acc_abs_max=474.518555
  main_aligned_chunk_joint: joint_dims=6 state_to_first=[41.319336, -8332.144531, 6024.988281, 297.465820, -9205.675781, 1558.386230] step_delta_abs_max=[245.751709, 1893.957031, 1284.613281, 289.131348, 2714.982422, 174.912598] step_acc_abs_max=[237.770508, 323.377686, 244.625000, 81.513672, 474.518555, 273.875488]
  main_aligned_actions_preview: shape=(44, 7) head=[[5484.319, 48979.855, -37373.012, 5178.466, 44791.324, 4536.386, 84.207], [5444.306, 47320.582, -36379.594, 5032.499, 42713.016, 4700.702, -63.807], [5335.534, 45626.574, -35311.527, 4805.019, 40422.809, 4778.956, 97.691]] tail=[[4130.760, 557.941, -1056.967, 2001.504, 26766.408, 5072.094, 397.297], [4200.189, 653.574, -856.753, 1969.792, 27280.998, 5012.800, 436.275], [4285.690, 589.193, -585.247, 1979.069, 27519.727, 4916.877, 268.160]]
  main_actions (post_main_postprocess) range: [-37373.0125, 48979.8538], shape=(44, 7)
  main_postprocess_chunk: joint_dims=6 state_to_first_l2=13892.024414 state_to_first_abs_max=9205.675781 step_delta_l2_mean=1882.764526 step_delta_l2_max=3309.089355 step_delta_abs_max=2607.794922 step_acc_l2_mean=208.685577 step_acc_l2_max=817.079346 step_acc_abs_max=625.527344
  main_postprocess_chunk_joint: joint_dims=6 state_to_first=[41.319336, -8332.144531, 6024.988281, 297.465820, -9205.675781, 1558.386230] step_delta_abs_max=[220.093750, 1716.484375, 1245.175781, 272.133789, 2607.794922, 119.888184] step_acc_abs_max=[106.056396, 432.183594, 285.675781, 77.248535, 625.527344, 104.486816]
  main_postprocess_actions_preview: shape=(44, 7) head=[[5484.319, 48979.855, -37373.012, 5178.466, 44791.324, 4536.386, 84.207], [5464.312, 48150.219, -36876.301, 5105.482, 43752.172, 4618.544, -63.807], [5399.923, 46888.398, -36093.914, 4955.250, 42087.492, 4698.750, 97.691]] tail=[[4072.077, 492.636, -1403.511, 1981.226, 26170.109, 5077.464, 397.297], [4136.133, 573.105, -1130.132, 1975.509, 26725.553, 5045.132, 436.275], [4210.912, 581.149, -857.690, 1977.289, 27122.641, 4981.005, 268.160]]
  queue_boundary: joint_dims=6 delta=[-201.000488, 1050.136719, -958.226562, -732.873535, 1056.800781, -30.244141] l2=1927.753174 abs_max=1056.800781
  queue_actions (post_transition) range: [-35166.8281, 45829.4531], shape=(44, 7)
  queue_chunk: joint_dims=6 state_to_first_l2=19328.353516 state_to_first_abs_max=12376.070312 step_delta_l2_mean=1820.341919 step_delta_l2_max=3309.089355 step_delta_abs_max=2607.794922 step_acc_l2_mean=263.985504 step_acc_l2_max=2245.639404 step_acc_abs_max=1373.417969
  queue_chunk_joint: joint_dims=6 state_to_first=[644.320312, -11482.546875, 8899.667969, 2496.086914, -12376.070312, 1649.118164] step_delta_abs_max=[285.144531, 1716.484375, 1245.175781, 1154.805664, 2607.794922, 154.876953] step_acc_abs_max=[177.709961, 1373.417969, 1096.726562, 923.614258, 1029.914062, 113.905273]
  queue_actions_preview: shape=(44, 7) head=[[6087.320, 45829.453, -34498.332, 7377.087, 41620.930, 4627.118, -62.705], [5802.176, 45797.379, -34912.777, 6793.869, 41844.695, 4568.719, -34.807], [5550.100, 45661.512, -35129.566, 5915.580, 41363.055, 4624.225, 78.617]] tail=[[4072.077, 492.636, -1403.511, 1981.226, 26170.109, 5077.464, 397.297], [4136.133, 573.105, -1130.132, 1975.509, 26725.553, 5045.132, 436.275], [4210.912, 581.149, -857.690, 1977.289, 27122.641, 4981.005, 268.160]]