Step 17: infer time = 0.2442 seconds
  raw_actions (normalized) range: [-0.9949, 1.5007], shape=(50, 7)
  raw_chunk: joint_dims=6 state_to_first_l2=n/a state_to_first_abs_max=n/a step_delta_l2_mean=0.067842 step_delta_l2_max=0.119350 step_delta_abs_max=0.103239 step_acc_l2_mean=0.019844 step_acc_l2_max=0.045434 step_acc_abs_max=0.035964
  raw_chunk_joint: joint_dims=6 state_to_first=n/a step_delta_abs_max=[0.047789, 0.036059, 0.041420, 0.041440, 0.062699, 0.103239] step_acc_abs_max=[0.015520, 0.020251, 0.018727, 0.018789, 0.021696, 0.035964]
  raw_actions_preview: shape=(50, 7) head=[[0.156, 0.004, -0.046, 0.100, 0.092, -0.159, 0.352], [0.160, 0.020, -0.028, 0.111, 0.138, -0.150, 0.309], [0.160, 0.039, -0.005, 0.123, 0.181, -0.137, 0.244]] tail=[[0.871, 0.813, -0.571, 0.548, -0.393, 1.494, -0.990], [0.875, 0.844, -0.604, 0.566, -0.449, 1.495, -0.990], [0.879, 0.860, -0.623, 0.572, -0.483, 1.501, -0.991]]
  policy_actions (denormalized, pre_postprocess) range: [-112262.0280, 88764.8431], shape=(50, 7)
  policy_chunk: joint_dims=6 state_to_first_l2=953.488831 state_to_first_abs_max=910.968750 step_delta_l2_mean=3334.892578 step_delta_l2_max=7105.738770 step_delta_abs_max=6706.066406 step_acc_l2_mean=956.841553 step_acc_l2_max=2657.674561 step_acc_abs_max=2336.083496
  policy_chunk_joint: joint_dims=6 state_to_first=[-104.091797, 157.843750, -183.527344, -83.449463, 53.675781, 910.968750] step_delta_abs_max=[1641.068359, 1966.082031, 1901.515625, 934.830078, 2154.890625, 6706.066406] step_acc_abs_max=[532.943359, 1104.144531, 859.705078, 423.848145, 745.683594, 2336.083496]
  policy_actions_preview: shape=(50, 7) head=[[-25558.092, 88764.844, -53560.527, -2270.449, 52568.676, -112262.031, 46786.723], [-25426.664, 87920.719, -54382.824, -2014.108, 54147.512, -111677.938, 45303.734], [-25439.797, 86842.555, -55442.160, -1752.574, 55641.984, -110815.133, 43034.250]] tail=[[-1022.575, 44656.793, -29468.809, 7844.168, 35897.410, -4835.236, 222.684], [-862.840, 42960.344, -27934.697, 8234.805, 33990.000, -4769.061, 200.084], [-748.692, 42113.637, -27066.750, 8366.609, 32819.352, -4426.024, 180.101]]
  worker_actions (postprocess) range: [-112262.0280, 88764.8431], shape=(50, 7)
  worker_chunk: joint_dims=6 state_to_first_l2=953.488831 state_to_first_abs_max=910.968750 step_delta_l2_mean=3238.097168 step_delta_l2_max=6480.776367 step_delta_abs_max=6194.015625 step_acc_l2_mean=483.073212 step_acc_l2_max=1160.007690 step_acc_abs_max=1020.019531
  worker_chunk_joint: joint_dims=6 state_to_first=[-104.091797, 157.843750, -183.527344, -83.449463, 53.675781, 910.968750] step_delta_abs_max=[1511.252930, 1552.562500, 1564.507812, 875.570557, 1934.828125, 6194.015625] step_acc_abs_max=[318.777344, 437.292969, 465.039062, 273.218750, 352.527344, 1020.019531]
  worker_actions_preview: shape=(50, 7) head=[[-25558.092, 88764.844, -53560.527, -2270.449, 52568.676, -112262.031, 46786.723], [-25492.377, 88342.781, -53971.676, -2142.279, 53358.094, -111969.984, 45303.734], [-25466.088, 87592.672, -54706.918, -1947.427, 54500.039, -111392.555, 43034.250]] tail=[[-1094.203, 45570.984, -30226.389, 7576.875, 37237.527, -5008.157, 222.684], [-978.521, 44265.664, -29080.543, 7905.840, 35613.766, -4888.608, 200.084], [-863.607, 43189.648, -28073.646, 8136.225, 34216.559, -4657.316, 180.101]]
  main_actions (aligned_from_worker) range: [-108509.6191, 84586.3371], shape=(44, 7)
  main_aligned_chunk: joint_dims=6 state_to_first_l2=10735.119141 state_to_first_abs_max=7383.093750 step_delta_l2_mean=3447.478271 step_delta_l2_max=6480.776367 step_delta_abs_max=6194.015625 step_acc_l2_mean=502.136719 step_acc_l2_max=1160.007690 step_acc_abs_max=1020.019531
  main_aligned_chunk_joint: joint_dims=6 state_to_first=[45.976562, -4020.664062, -4352.894531, 1967.238037, 7383.093750, 4663.382812] step_delta_abs_max=[1511.252930, 1552.562500, 1564.507812, 875.570557, 1934.828125, 6194.015625] step_acc_abs_max=[318.777344, 437.292969, 465.039062, 273.218750, 340.933594, 1020.019531]
  main_aligned_actions_preview: shape=(44, 7) head=[[-25408.023, 84586.336, -57729.895, -219.762, 59898.094, -108509.617, 28516.672], [-25435.650, 83831.477, -58483.992, 414.487, 61180.734, -107485.617, 23077.451], [-25411.061, 83241.367, -59043.812, 1003.376, 62287.805, -106336.125, 17071.844]] tail=[[-1094.203, 45570.984, -30226.389, 7576.875, 37237.527, -5008.157, 222.684], [-978.521, 44265.664, -29080.543, 7905.840, 35613.766, -4888.608, 200.084], [-863.607, 43189.648, -28073.646, 8136.225, 34216.559, -4657.316, 180.101]]
  main_actions (post_main_postprocess) range: [-108509.6191, 84586.3371], shape=(44, 7)
  main_postprocess_chunk: joint_dims=6 state_to_first_l2=10735.119141 state_to_first_abs_max=7383.093750 step_delta_l2_mean=3375.139893 step_delta_l2_max=6077.955078 step_delta_abs_max=5859.359375 step_acc_l2_mean=354.725647 step_acc_l2_max=779.914429 step_acc_abs_max=709.394531
  main_postprocess_chunk_joint: joint_dims=6 state_to_first=[45.976562, -4020.664062, -4352.894531, 1967.238037, 7383.093750, 4663.382812] step_delta_abs_max=[1460.704102, 1501.507812, 1467.046875, 824.552002, 1811.136719, 5859.359375] step_acc_abs_max=[205.960938, 243.460938, 323.152344, 192.231445, 232.875000, 709.394531]
  main_postprocess_actions_preview: shape=(44, 7) head=[[-25408.023, 84586.336, -57729.895, -219.762, 59898.094, -108509.617, 28516.672], [-25421.838, 84208.906, -58106.941, 97.362, 60539.414, -107997.617, 23077.451], [-25416.449, 83725.133, -58575.379, 550.369, 61413.609, -107166.867, 17071.844]] tail=[[-1146.855, 46543.383, -31043.748, 7302.436, 38666.172, -5230.047, 222.684], [-1062.688, 45404.523, -30062.146, 7604.138, 37139.969, -5059.328, 200.084], [-963.147, 44297.086, -29067.896, 7870.182, 35678.266, -4858.322, 180.101]]
  queue_boundary: joint_dims=6 delta=[-0.720703, -170.679688, -194.660156, 68.724731, 328.933594, 184.054688] l2=462.408020 abs_max=328.933594
  queue_actions (post_transition) range: [-112927.0831, 88682.5804], shape=(44, 7)
  queue_chunk: joint_dims=6 state_to_first_l2=731.041870 state_to_first_abs_max=511.359375 step_delta_l2_mean=3475.708252 step_delta_l2_max=7900.516113 step_delta_abs_max=7470.507812 step_acc_l2_mean=445.502411 step_acc_l2_max=4203.551758 step_acc_abs_max=4037.369141
  queue_chunk_joint: joint_dims=6 state_to_first=[63.259766, 75.578125, 318.937500, 317.844604, -511.359375, 245.914062] step_delta_abs_max=[1900.391602, 1709.414062, 1467.046875, 518.009583, 1811.136719, 7470.507812] step_acc_abs_max=[507.546875, 717.195312, 312.292969, 271.898438, 703.078125, 4037.369141]
  queue_actions_preview: shape=(44, 7) head=[[-25390.740, 88682.578, -53058.062, -1869.155, 52003.641, -112927.086, 50791.762], [-25434.465, 88525.570, -53277.949, -1731.375, 52215.246, -112680.875, 49704.328], [-25398.062, 88318.414, -53496.547, -1603.243, 52599.121, -112427.125, 47788.102]] tail=[[-1146.855, 46543.383, -31043.748, 7302.436, 38666.172, -5230.047, 222.684], [-1062.688, 45404.523, -30062.146, 7604.138, 37139.969, -5059.328, 200.084], [-963.147, 44297.086, -29067.896, 7870.182, 35678.266, -4858.322, 180.101]]
Step 18: infer time = 0.2466 seconds
  raw_actions (normalized) range: [-1.4274, 1.4626], shape=(50, 7)
  raw_chunk: joint_dims=6 state_to_first_l2=n/a state_to_first_abs_max=n/a step_delta_l2_mean=0.078353 step_delta_l2_max=0.124951 step_delta_abs_max=0.102512 step_acc_l2_mean=0.026612 step_acc_l2_max=0.125955 step_acc_abs_max=0.086310
  raw_chunk_joint: joint_dims=6 state_to_first=n/a step_delta_abs_max=[0.057871, 0.058162, 0.049207, 0.035804, 0.090794, 0.102512] step_acc_abs_max=[0.033699, 0.047011, 0.061562, 0.027973, 0.086310, 0.034786]
  raw_actions_preview: shape=(50, 7) head=[[0.156, 0.007, -0.053, 0.100, 0.097, -0.167, -0.169], [0.159, 0.014, -0.051, 0.113, 0.127, -0.125, -0.296], [0.159, 0.030, -0.047, 0.129, 0.149, -0.082, -0.400]] tail=[[1.063, 0.989, -0.862, 0.186, -1.364, 1.460, -1.034], [1.081, 1.025, -0.870, 0.172, -1.398, 1.461, -1.045], [1.065, 1.046, -0.897, 0.167, -1.427, 1.463, -1.024]]
  policy_actions (denormalized, pre_postprocess) range: [-98669.0902, 82580.1108], shape=(50, 7)
  policy_chunk: joint_dims=6 state_to_first_l2=505.106598 state_to_first_abs_max=410.906250 step_delta_l2_mean=3798.875244 step_delta_l2_max=6918.903320 step_delta_abs_max=6658.849609 step_acc_l2_mean=1194.598267 step_acc_l2_max=5462.368164 step_acc_abs_max=2966.404297
  policy_chunk_joint: joint_dims=6 state_to_first=[-110.259766, 9.109375, 116.523438, -91.444336, 228.273438, 410.906250] step_delta_abs_max=[1987.314941, 3171.210938, 2259.013672, 807.671875, 3120.500977, 6658.849609] step_acc_abs_max=[1157.214355, 2563.218750, 2826.199219, 631.019043, 2966.404297, 2259.608398]
  policy_actions_preview: shape=(50, 7) head=[[-24754.260, 82580.109, -56861.477, 2467.556, 59748.273, -98669.094, 28689.176], [-24641.242, 82198.008, -56948.730, 2772.829, 60769.051, -95963.812, 24293.646], [-24644.432, 81323.641, -57107.758, 3133.158, 61547.141, -93156.148, 20692.217]] tail=[[6403.116, 29019.699, -19719.053, 4412.758, 9547.791, 6993.540, -1331.764], [6989.198, 27083.346, -19340.369, 4096.322, 8377.147, 7066.251, -1703.228], [6447.188, 25905.980, -18091.846, 3977.158, 7358.556, 7189.357, -959.386]]
  worker_actions (postprocess) range: [-98669.0902, 82580.1108], shape=(50, 7)
  worker_chunk: joint_dims=6 state_to_first_l2=505.106598 state_to_first_abs_max=410.906250 step_delta_l2_mean=3670.638184 step_delta_l2_max=6546.682129 step_delta_abs_max=6257.656250 step_acc_l2_mean=580.551392 step_acc_l2_max=2025.057861 step_acc_abs_max=1204.810547
  worker_chunk_joint: joint_dims=6 state_to_first=[-110.259766, 9.109375, 116.523438, -91.444336, 228.273438, 410.906250] step_delta_abs_max=[1937.128418, 2356.488281, 1653.363281, 521.969727, 2563.716797, 6257.656250] step_acc_abs_max=[469.218262, 874.250000, 1110.275391, 330.807129, 1204.810547, 984.425537]
  worker_actions_preview: shape=(50, 7) head=[[-24754.260, 82580.109, -56861.477, 2467.556, 59748.273, -98669.094, 28689.176], [-24697.752, 82389.062, -56905.105, 2620.192, 60258.664, -97316.453, 24293.646], [-24671.092, 81856.352, -57006.430, 2876.675, 60902.902, -95236.305, 20692.217]] tail=[[6196.344, 30913.191, -20956.775, 4643.136, 11469.676, 6115.136, -1331.764], [6592.771, 28998.268, -20148.572, 4369.729, 9923.411, 6590.694, -1703.228], [6519.979, 27452.123, -19120.209, 4173.444, 8640.983, 6890.025, -959.386]]
  main_actions (aligned_from_worker) range: [-82717.0132, 79597.4626], shape=(44, 7)
  main_aligned_chunk: joint_dims=6 state_to_first_l2=17252.048828 state_to_first_abs_max=16362.984375 step_delta_l2_mean=3790.488037 step_delta_l2_max=6546.682129 step_delta_abs_max=6257.656250 step_acc_l2_mean=598.810669 step_acc_l2_max=2025.057861 step_acc_abs_max=1204.810547
  main_aligned_chunk_joint: joint_dims=6 state_to_first=[742.259766, -2973.539062, -482.011719, 1277.595459, 4316.070312, 16362.984375] step_delta_abs_max=[1937.128418, 2356.488281, 1653.363281, 521.969727, 2563.716797, 6257.656250] step_acc_abs_max=[469.218262, 874.250000, 1110.275391, 330.807129, 1204.810547, 984.425537]
  main_aligned_actions_preview: shape=(44, 7) head=[[-23901.740, 79597.461, -57460.012, 3836.595, 63836.070, -82717.016, 7466.419], [-23494.412, 78845.367, -57402.375, 3907.329, 64437.215, -79090.625, 4684.209], [-22946.311, 78034.898, -57368.039, 3878.261, 64993.680, -75107.438, 3334.328]] tail=[[6196.344, 30913.191, -20956.775, 4643.136, 11469.676, 6115.136, -1331.764], [6592.771, 28998.268, -20148.572, 4369.729, 9923.411, 6590.694, -1703.228], [6519.979, 27452.123, -19120.209, 4173.444, 8640.983, 6890.025, -959.386]]
  main_actions (post_main_postprocess) range: [-82717.0132, 79597.4626], shape=(44, 7)
  main_postprocess_chunk: joint_dims=6 state_to_first_l2=17252.048828 state_to_first_abs_max=16362.984375 step_delta_l2_mean=3703.494141 step_delta_l2_max=6268.437988 step_delta_abs_max=5965.027344 step_acc_l2_mean=412.907684 step_acc_l2_max=1127.599854 step_acc_abs_max=1085.000000
  main_postprocess_chunk_joint: joint_dims=6 state_to_first=[742.259766, -2973.539062, -482.011719, 1277.595459, 4316.070312, 16362.984375] step_delta_abs_max=[1882.722168, 2021.808594, 1566.582031, 486.866699, 2325.021484, 5965.027344] step_acc_abs_max=[264.355469, 380.902344, 429.505859, 208.759277, 483.056641, 1085.000000]
  main_postprocess_actions_preview: shape=(44, 7) head=[[-23901.740, 79597.461, -57460.012, 3836.595, 63836.070, -82717.016, 7466.419], [-23698.076, 79221.414, -57431.191, 3871.962, 64136.641, -80903.820, 4684.209], [-23322.193, 78628.156, -57399.617, 3875.112, 64565.160, -78005.625, 3334.328]] tail=[[5973.130, 32561.447, -22076.328, 4878.193, 13297.436, 5618.758, -1331.764], [6282.951, 30779.857, -21112.449, 4623.961, 11610.424, 6104.726, -1703.228], [6401.465, 29115.990, -20116.330, 4398.703, 10125.703, 6497.375, -959.386]]
  queue_boundary: joint_dims=6 delta=[-233.375000, 233.015625, -40.101562, -32.904785, -10.734375, -1266.824219] l2=1310.118286 abs_max=1266.824219
  queue_actions (post_transition) range: [-56497.5781, 74005.1041], shape=(44, 7)
  queue_chunk: joint_dims=6 state_to_first_l2=48230.312500 state_to_first_abs_max=46766.750000 step_delta_l2_mean=2858.812500 step_delta_l2_max=6064.090820 step_delta_abs_max=5741.890625 step_acc_l2_mean=386.727783 step_acc_l2_max=3332.991943 step_acc_abs_max=3203.093750
  queue_chunk_joint: joint_dims=6 state_to_first=[6343.251953, -8565.898438, 480.421875, 2067.312012, 4573.632812, 46766.750000] step_delta_abs_max=[1321.423828, 2021.808594, 1420.402344, 368.419922, 2325.021484, 5741.890625] step_acc_abs_max=[423.633789, 667.902344, 521.121094, 243.070312, 589.394531, 3203.093750]
  queue_actions_preview: shape=(44, 7) head=[[-18300.748, 74005.102, -56497.578, 4626.312, 64093.633, -52313.250, 8981.104], [-17035.936, 72814.586, -55641.223, 4851.925, 64144.320, -46571.359, 6653.456], [-15764.261, 71650.969, -54782.398, 5071.208, 64158.637, -41142.246, 4605.410]] tail=[[5973.130, 32561.447, -22076.328, 4878.193, 13297.436, 5618.758, -1331.764], [6282.951, 30779.857, -21112.449, 4623.961, 11610.424, 6104.726, -1703.228], [6401.465, 29115.990, -20116.330, 4398.703, 10125.703, 6497.375, -959.386]]
Step 19: infer time = 0.2463 seconds
  raw_actions (normalized) range: [-1.3547, 1.1394], shape=(50, 7)
  raw_chunk: joint_dims=6 state_to_first_l2=n/a state_to_first_abs_max=n/a step_delta_l2_mean=0.052021 step_delta_l2_max=0.091792 step_delta_abs_max=0.079445 step_acc_l2_mean=0.020200 step_acc_l2_max=0.041723 step_acc_abs_max=0.032745
  raw_chunk_joint: joint_dims=6 state_to_first=n/a step_delta_abs_max=[0.049549, 0.032322, 0.038780, 0.022459, 0.079445, 0.067028] step_acc_abs_max=[0.018227, 0.014043, 0.027025, 0.026380, 0.032745, 0.021537]
  raw_actions_preview: shape=(50, 7) head=[[0.152, 0.002, -0.050, 0.105, 0.097, -0.171, -0.985], [0.202, 0.014, -0.066, 0.094, 0.073, -0.104, -0.982], [0.247, 0.036, -0.079, 0.098, 0.059, -0.050, -0.983]] tail=[[0.377, 1.112, -1.009, 0.102, -1.338, 0.066, -0.994], [0.384, 1.129, -1.024, 0.099, -1.336, 0.073, -0.989], [0.382, 1.139, -1.040, 0.103, -1.331, 0.073, -0.994]]
  policy_actions (denormalized, pre_postprocess) range: [-48004.6213, 64640.9530], shape=(50, 7)
  policy_chunk: joint_dims=6 state_to_first_l2=477.420959 state_to_first_abs_max=293.953125 step_delta_l2_mean=2262.311035 step_delta_l2_max=4856.761230 step_delta_abs_max=4353.941406 step_acc_l2_mean=808.686096 step_acc_l2_max=1601.434082 step_acc_abs_max=1398.999023
  policy_chunk_joint: joint_dims=6 state_to_first=[-242.317871, 293.953125, 19.378906, 37.074219, 233.710938, 162.583984] step_delta_abs_max=[1701.515625, 1762.285156, 1780.320312, 506.644531, 2730.443359, 4353.941406] step_acc_abs_max=[625.917297, 765.636719, 1240.676758, 595.103027, 1125.408203, 1398.999023]
  policy_actions_preview: shape=(50, 7) head=[[-6464.318, 64640.953, -48004.621, 4125.074, 59660.711, -19431.416, 382.868], [-4762.802, 63960.695, -47279.000, 3863.815, 58836.918, -15077.475, 481.389], [-3197.094, 62752.137, -46674.445, 3947.876, 58348.988, -11588.311, 454.713]] tail=[[1248.470, 4127.120, -4010.250, 4055.454, 10350.211, -4060.782, 55.175], [1505.639, 3164.634, -3292.281, 3973.636, 10410.431, -3561.986, 248.032], [1424.535, 2610.666, -2562.085, 4073.313, 10577.494, -3607.448, 69.675]]
  worker_actions (postprocess) range: [-48004.6213, 64640.9530], shape=(50, 7)
  worker_chunk: joint_dims=6 state_to_first_l2=477.420959 state_to_first_abs_max=293.953125 step_delta_l2_mean=2188.336670 step_delta_l2_max=3412.256592 step_delta_abs_max=2948.553711 step_acc_l2_mean=374.067047 step_acc_l2_max=1024.913086 step_acc_abs_max=900.649414
  worker_chunk_joint: joint_dims=6 state_to_first=[-242.317871, 293.953125, 19.378906, 37.074219, 233.710938, 162.583984] step_delta_abs_max=[1244.160889, 1692.677734, 1664.853516, 408.686035, 2499.525391, 2948.553711] step_acc_abs_max=[416.402100, 434.214844, 456.637695, 219.213379, 634.174805, 900.649414]
  worker_actions_preview: shape=(50, 7) head=[[-6464.318, 64640.953, -48004.621, 4125.074, 59660.711, -19431.416, 382.868], [-5613.560, 64300.824, -47641.812, 3994.445, 59248.812, -17254.445, 481.389], [-4405.327, 63526.480, -47158.129, 3971.160, 58798.902, -14421.378, 454.713]] tail=[[1386.669, 5459.950, -5053.035, 3952.185, 10297.183, -3936.038, 55.175], [1446.154, 4312.292, -4172.658, 3962.910, 10353.807, -3749.012, 248.032], [1435.344, 3461.479, -3367.371, 4018.112, 10465.650, -3678.230, 69.675]]
  main_actions (aligned_from_worker) range: [-44011.4520, 59678.8071], shape=(44, 7)
  main_aligned_chunk: joint_dims=6 state_to_first_l2=16942.460938 state_to_first_abs_max=13664.122070 step_delta_l2_mean=2083.513672 step_delta_l2_max=3306.883789 step_delta_abs_max=2499.525391 step_acc_l2_mean=333.918823 step_acc_l2_max=732.454163 step_acc_abs_max=634.174805
  main_aligned_chunk_joint: joint_dims=6 state_to_first=[5820.761719, -4668.191406, 4012.546875, -34.695068, -5344.507812, 13664.122070] step_delta_abs_max=[583.929871, 1692.677734, 1664.853516, 408.686035, 2499.525391, 1068.548828] step_acc_abs_max=[217.181641, 310.824219, 456.637695, 219.213379, 634.174805, 322.321533]
  main_aligned_actions_preview: shape=(44, 7) head=[[-401.238, 59678.809, -44011.453, 4053.305, 54082.492, -5929.878, 36.793], [182.692, 58596.039, -43067.496, 4192.735, 52414.285, -4861.329, 255.388], [696.691, 57487.996, -42106.902, 4327.322, 50887.789, -4060.555, 216.826]] tail=[[1386.669, 5459.950, -5053.035, 3952.185, 10297.183, -3936.038, 55.175], [1446.154, 4312.292, -4172.658, 3962.910, 10353.807, -3749.012, 248.032], [1435.344, 3461.479, -3367.371, 4018.112, 10465.650, -3678.230, 69.675]]
  main_actions (post_main_postprocess) range: [-44011.4520, 59678.8071], shape=(44, 7)
  main_postprocess_chunk: joint_dims=6 state_to_first_l2=16942.460938 state_to_first_abs_max=13664.122070 step_delta_l2_mean=2038.661133 step_delta_l2_max=3223.067627 step_delta_abs_max=2367.988281 step_acc_l2_mean=217.940842 step_acc_l2_max=539.391418 step_acc_abs_max=461.286133
  main_postprocess_chunk_joint: joint_dims=6 state_to_first=[5820.761719, -4668.191406, 4012.546875, -34.695068, -5344.507812, 13664.122070] step_delta_abs_max=[402.982056, 1650.123047, 1552.580078, 354.779785, 2367.988281, 667.523926] step_acc_abs_max=[111.017120, 283.328125, 244.304688, 118.140137, 461.286133, 175.382324]
  main_postprocess_actions_preview: shape=(44, 7) head=[[-401.238, 59678.809, -44011.453, 4053.305, 54082.492, -5929.878, 36.793], [-109.273, 59137.422, -43539.473, 4123.020, 53248.387, -5395.604, 255.388], [293.709, 58312.707, -42823.188, 4225.171, 52068.086, -4728.080, 216.826]] tail=[[1492.222, 6765.260, -6073.626, 3872.761, 10214.008, -3848.543, 55.175], [1469.188, 5538.776, -5123.142, 3917.836, 10283.907, -3798.778, 248.032], [1452.266, 4500.127, -4245.257, 3967.974, 10374.778, -3738.504, 69.675]]
  queue_boundary: joint_dims=6 delta=[-70.911987, -103.675781, 67.070312, -42.042969, 11.613281, -223.515381] l2=268.583710 abs_max=223.515381
  queue_actions (post_transition) range: [-45621.1331, 62167.0105], shape=(44, 7)
  queue_chunk: joint_dims=6 state_to_first_l2=21488.847656 state_to_first_abs_max=19028.492188 step_delta_l2_mean=2086.457520 step_delta_l2_max=3051.703613 step_delta_abs_max=2094.195312 step_acc_l2_mean=231.964218 step_acc_l2_max=888.039429 step_acc_abs_max=537.933594
  queue_chunk_joint: joint_dims=6 state_to_first=[7522.651367, -2179.988281, 2402.867188, 974.331055, -5623.285156, 19028.492188] step_delta_abs_max=[657.218262, 1650.123047, 1552.580078, 299.742676, 2094.195312, 811.338013] step_acc_abs_max=[208.708496, 537.933594, 379.484375, 129.847656, 461.286133, 350.614014]
  queue_actions_preview: shape=(44, 7) head=[[1300.651, 62167.012, -45621.133, 5062.331, 53803.715, -565.508, 216.125], [1957.870, 61488.809, -44844.797, 5330.017, 52504.547, 245.830, 258.905], [2520.792, 60668.059, -43945.090, 5541.551, 51108.781, 766.450, 56.128]] tail=[[1492.222, 6765.260, -6073.626, 3872.761, 10214.008, -3848.543, 55.175], [1469.188, 5538.776, -5123.142, 3917.836, 10283.907, -3798.778, 248.032], [1452.266, 4500.127, -4245.257, 3967.974, 10374.778, -3738.504, 69.675]]
Step 20: infer time = 0.2471 seconds
  raw_actions (normalized) range: [-1.0013, 0.9257], shape=(50, 7)
  raw_chunk: joint_dims=6 state_to_first_l2=n/a state_to_first_abs_max=n/a step_delta_l2_mean=0.037939 step_delta_l2_max=0.091986 step_delta_abs_max=0.078199 step_acc_l2_mean=0.012596 step_acc_l2_max=0.031099 step_acc_abs_max=0.030191
  raw_chunk_joint: joint_dims=6 state_to_first=n/a step_delta_abs_max=[0.006355, 0.038640, 0.030197, 0.016792, 0.078199, 0.008412] step_acc_abs_max=[0.007521, 0.011817, 0.011019, 0.013337, 0.030191, 0.015175]
  raw_actions_preview: shape=(50, 7) head=[[0.160, 0.005, -0.049, 0.092, 0.088, -0.166, -0.991], [0.159, 0.038, -0.071, 0.109, 0.050, -0.161, -0.989], [0.153, 0.077, -0.095, 0.121, 0.011, -0.161, -0.989]] tail=[[0.173, 0.916, -0.750, -0.058, -0.290, -0.165, -0.990], [0.175, 0.913, -0.750, -0.058, -0.284, -0.165, -0.982], [0.177, 0.914, -0.755, -0.061, -0.285, -0.168, -0.982]]
  policy_actions (denormalized, pre_postprocess) range: [-33952.4017, 47926.9011], shape=(50, 7)
  policy_chunk: joint_dims=6 state_to_first_l2=554.601196 state_to_first_abs_max=467.975372 step_delta_l2_mean=1638.466553 step_delta_l2_max=3568.872559 step_delta_abs_max=2687.638672 step_acc_l2_mean=532.204651 step_acc_l2_max=1108.394531 step_acc_abs_max=1037.650391
  policy_chunk_joint: joint_dims=6 state_to_first=[10.478271, 95.902344, -45.402344, -269.521973, -67.609375, 467.975372] step_delta_abs_max=[218.233154, 2106.781250, 1386.304688, 378.803711, 2687.638672, 546.430115] step_acc_abs_max=[258.277344, 644.300720, 505.853027, 300.867432, 1037.650391, 985.729248]
  policy_actions_preview: shape=(50, 7) head=[[3334.478, 47926.902, -33952.402, 6704.478, 35378.391, 467.975, 183.984], [3327.732, 46139.363, -32959.699, 7083.282, 34051.703, 807.508, 232.949], [3109.499, 44032.582, -31823.352, 7368.499, 32705.852, 825.740, 239.995]] tail=[[3807.673, -1729.085, -1792.830, 3316.667, 22380.119, 564.533, 224.275], [3858.144, -1545.898, -1791.987, 3334.185, 22578.135, 525.320, 469.463], [3918.177, -1630.472, -1519.392, 3260.695, 22549.074, 323.285, 496.182]]
  worker_actions (postprocess) range: [-33952.4017, 47926.9011], shape=(50, 7)
  worker_chunk: joint_dims=6 state_to_first_l2=554.601196 state_to_first_abs_max=467.975372 step_delta_l2_mean=1597.301758 step_delta_l2_max=3202.508789 step_delta_abs_max=2413.173828 step_acc_l2_mean=261.668304 step_acc_l2_max=778.637878 step_acc_abs_max=607.130859
  worker_chunk_joint: joint_dims=6 state_to_first=[10.478271, 95.902344, -45.402344, -269.521973, -67.609375, 467.975372] step_delta_abs_max=[122.740234, 1862.140625, 1303.193359, 298.179688, 2413.173828, 210.099243] step_acc_abs_max=[107.429932, 606.503906, 319.998047, 167.376465, 607.130859, 378.264709]
  worker_actions_preview: shape=(50, 7) head=[[3334.478, 47926.902, -33952.402, 6704.478, 35378.391, 467.975, 183.984], [3331.105, 47033.133, -33456.051, 6893.880, 34715.047, 637.741, 232.949], [3220.302, 45532.859, -32639.701, 7131.189, 33710.449, 731.740, 239.995]] tail=[[3786.154, -1783.102, -1824.874, 3319.626, 22007.092, 534.267, 224.275], [3822.149, -1664.500, -1808.431, 3326.906, 22292.613, 529.793, 469.463], [3870.163, -1647.486, -1663.911, 3293.800, 22420.844, 426.539, 496.182]]
  main_actions (aligned_from_worker) range: [-28550.9390, 38510.8098], shape=(44, 7)
  main_aligned_chunk: joint_dims=6 state_to_first_l2=13620.014648 state_to_first_abs_max=9320.191406 step_delta_l2_mean=1500.327759 step_delta_l2_max=3202.508789 step_delta_abs_max=2413.173828 step_acc_l2_mean=241.881485 step_acc_l2_max=518.642639 step_acc_abs_max=466.877930
  main_aligned_chunk_joint: joint_dims=6 state_to_first=[-97.479736, -9320.191406, 5356.060547, 583.322754, -8294.808594, 893.215393] step_delta_abs_max=[122.740234, 1730.843750, 1303.193359, 298.179688, 2413.173828, 210.099243] step_acc_abs_max=[94.465332, 381.969666, 241.811768, 167.376465, 466.877930, 378.264709]
  main_aligned_actions_preview: shape=(44, 7) head=[[3226.520, 38510.809, -28550.939, 7557.323, 27151.191, 893.215, 258.837], [3254.795, 36945.660, -27517.020, 7517.015, 25012.480, 906.467, 295.216], [3377.535, 35214.816, -26342.934, 7309.330, 22599.307, 893.877, 294.900]] tail=[[3786.154, -1783.102, -1824.874, 3319.626, 22007.092, 534.267, 224.275], [3822.149, -1664.500, -1808.431, 3326.906, 22292.613, 529.793, 469.463], [3870.163, -1647.486, -1663.911, 3293.800, 22420.844, 426.539, 496.182]]
  main_actions (post_main_postprocess) range: [-28550.9390, 38510.8098], shape=(44, 7)
  main_postprocess_chunk: joint_dims=6 state_to_first_l2=13620.014648 state_to_first_abs_max=9320.191406 step_delta_l2_mean=1479.201172 step_delta_l2_max=2852.427979 step_delta_abs_max=2129.875000 step_acc_l2_mean=180.808273 step_acc_l2_max=892.216309 step_acc_abs_max=671.910156
  main_postprocess_chunk_joint: joint_dims=6 state_to_first=[-97.479736, -9320.191406, 5356.060547, 583.322754, -8294.808594, 893.215393] step_delta_abs_max=[68.438721, 1478.660156, 1207.732422, 278.601562, 2129.875000, 90.202881] step_acc_abs_max=[54.301270, 474.132812, 328.560547, 93.764648, 671.910156, 129.184204]
  main_postprocess_actions_preview: shape=(44, 7) head=[[3226.520, 38510.809, -28550.939, 7557.323, 27151.191, 893.215, 258.837], [3240.658, 37728.234, -28033.979, 7537.168, 26081.836, 899.841, 295.216], [3309.096, 36471.527, -27188.457, 7423.250, 24340.570, 896.859, 294.900]] tail=[[3788.051, -1846.093, -1795.801, 3289.415, 21524.229, 486.094, 224.275], [3805.100, -1755.297, -1802.116, 3308.160, 21908.420, 507.944, 469.463], [3837.632, -1701.391, -1733.013, 3300.980, 22164.633, 467.241, 496.182]]
  queue_boundary: joint_dims=6 delta=[22.933350, 27.710938, 29.121094, 52.436035, 69.185547, 122.598145] l2=157.188919 abs_max=122.598145
  queue_actions (post_transition) range: [-29249.8839, 37845.7615], shape=(44, 7)
  queue_chunk: joint_dims=6 state_to_first_l2=15019.172852 state_to_first_abs_max=9985.238281 step_delta_l2_mean=1453.577026 step_delta_l2_max=2894.911621 step_delta_abs_max=1996.958984 step_acc_l2_mean=167.485367 step_acc_l2_max=474.874847 step_acc_abs_max=403.201172
  queue_chunk_joint: joint_dims=6 state_to_first=[-647.876709, -9985.238281, 4657.115234, -675.147461, -9955.265625, -2049.139893] step_delta_abs_max=[157.912598, 1494.107422, 1449.740234, 210.643066, 1996.958984, 197.591919] step_acc_abs_max=[141.889404, 229.022705, 180.152344, 56.025879, 403.201172, 297.236084]
  queue_actions_preview: shape=(44, 7) head=[[2676.123, 37845.762, -29249.885, 6298.853, 25490.734, -2049.140, -115.640], [2681.439, 36572.707, -28306.828, 6137.761, 23821.201, -2125.128, -47.211], [2720.503, 35285.254, -27240.883, 5968.964, 22100.275, -2193.067, -27.205]] tail=[[3788.051, -1846.093, -1795.801, 3289.415, 21524.229, 486.094, 224.275], [3805.100, -1755.297, -1802.116, 3308.160, 21908.420, 507.944, 469.463], [3837.632, -1701.391, -1733.013, 3300.980, 22164.633, 467.241, 496.182]]